SNP	gr.score	gre.score	rnap2.score	de.score	eqtl.score
rs10001113	0	0	0	0	1
rs10002867	0	0	0	0	1
rs10003529	0	0	0	0	1
rs10004364	0	0	0	0	1
rs10004598	0	0	0	0	1
rs10010359	0	0	0	0	0
rs10010367	0	0	0	0	1
rs10011709	0	0	0	0	1
rs10012434	0	0	0	0	1
rs10012713	0	0	0	0	1
rs10013047	0	0	0	0	0
rs10015190	0	0	0	0	1
rs10016850	0	0	0	0	1
rs10019249	0	0	0	0	1
rs10026015	0	0	0	0	1
rs10029243	0	0	0	0	1
rs10029373	0	0	0	0	0
rs10029419	0	0	0	0	1
rs10031363	0	0	0	0	1
rs10033104	0	0	0	0	1
rs10034769	0	0	0	0	1
rs10037102	0	0	0	0	2
rs10037106	0	0	0	0	2
rs10038121	0	0	0	0	2
rs10038799	0	0	0	0	2
rs1004167	0	0	0	0	0
rs1004169	0	0	0	0	0
rs10043676	0	0	0	0	2
rs10044672	0	0	0	0	2
rs10044736	0	0	0	0	2
rs10045209	0	0	0	0	2
rs10045761	2	0.5	0	0	2
rs10049774	0	0	0	0	1
rs10054478	0	0	0	0	2
rs10054796	0	0	0	0	2
rs10058347	0	0	0	0	2
rs10062855	0	0	0	0	2
rs10064130	0	0	0	0	2
rs10064201	0	0	0	0	2
rs10064539	0	0	0	0	2
rs10065532	0	0	0	0	2
rs10068237	0	0	0	0	2
rs10069528	0	0	0	0	2
rs10069961	0	0	0	0	2
rs10070021	0	0	0	0	2
rs10074461	0	0	0	0	2
rs10074490	0	0	0	0	2
rs10075039	0	0	0	0	2
rs10075541	0	0	0	0	2
rs10075893	0	0	0	0	2
rs10075951	0	0	0	0	2
rs10077796	0	0	0	0	2
rs10077896	0	0	0	0	2
rs10077983	0	0	0	0	0
rs10079634	0	0	0	0	2
rs10083078	0	0	0	0	0
rs1011063	0	0	0	0	2
rs10138435	0	0	0	0	0
rs10146768	0	0	0	0	0
rs10151714	0	0	0	0	0
rs10155324	0	0	0	0	1
rs10160052	0	0	0	0	0
rs1016129	0	0	0	0	0
rs10182028	0	0	0	0	0
rs10201166	0	0	0	0	0
rs10205223	0	0	0	0	0
rs10215945	0	0	0	0	0
rs10222232	0	0	0	0	1
rs10222238	0	0	0	0	1
rs10224270	0	0	0	0	0
rs10226696	0	0	0	0	0
rs10227306	0	0	0	0	0
rs10227381	0	0	0	0	0
rs10227532	0	0	0	0	0
rs10229899	0	0	0	0	0
rs10236507	0	0	0	0	0
rs10236567	0	0	0	0	2
rs10242641	0	0	0	0	0
rs10243463	0	0	0	0	0
rs10250970	0	0	0	0	0
rs10251304	0	0	0	0	0
rs1025732	0	0	0	0	0
rs10257863	0	0	0	0	0
rs10259692	0	0	0	0	0
rs10259829	0	0	0	0	0
rs10259971	0	0	0	0	0
rs10261034	0	0	0	0	0
rs10265045	0	0	0	0	0
rs10268399	0	0	0	0	0
rs10276718	0	0	0	0	0
rs10277443	0	0	0	0	0
rs1027851	0	0	0	0	1
rs1027852	0	0	0	0	0
rs10279457	0	0	0	0	0
rs1030271	0	0	0	0	1
rs1030299	0	0	0	0	0
rs1032285	0	0	0	0	0
rs1039762	0	0	0	0	1
rs1039763	0	0	0	0	1
rs10403242	0	0	0	0	0
rs10415592	0	0	0	0	0
rs10423783	0	0	0	0	0
rs10425941	0	0	0	0	0
rs10437406	0	0	0	0	0
rs10437427	0	0	0	0	0
rs10455503	0	0	0	0	0
rs10461280	0	0	0	0	1
rs10477804	0	0	0	0	2
rs10483676	0	0	0	0	0
rs10495339	0	0	0	0	0
rs10495613	0	0	0	0	0
rs10500910	0	0	0	0	0
rs10501034	0	0	0	0	0
rs10501035	0	0	0	0	0
rs10501037	0	0	0	0	0
rs10501998	0	0	0	0	2
rs10501999	0	0	0	0	2
rs10504863	0	0	0	0	1
rs10510992	0	0	0	0	0
rs10515063	0	0	0	0	0
rs10515505	0	0	0	0	2
rs10517750	0	0	0	0	0
rs10519678	0	0	0	0	1
rs10531394	0	0	0	0	0
rs10546047	0	0	0	0	2
rs10562384	0	0	0	0	1
rs10583324	0	0	0	0	0
rs10586086	0	0	0	0	0
rs10592149	0	0	0	0	0
rs10606864	0	0	0	0	0
rs10638200	0	0	0	0	0
rs10642753	0	0	0	0	0
rs10655253	0	0	0	0	1
rs10668604	0	0	0	0	0
rs10683691	0	0	0	0	0
rs10716041	0	0	0	0	1
rs10717069	0	0	0	0	0
rs10732480	0	0	0	0	0
rs10734366	0	0	0	0	0
rs10734367	0	0	0	0	0
rs10734368	0	0	0	0	0
rs10734369	0	0	0	0	0
rs10734370	0	0	0	0	0
rs10734371	0	0	0	0	0
rs10738585	0	0	0	0	0
rs10742127	0	0	0	0	0
rs10742128	0	0	0	0	0
rs10742129	0	0	0	0	0
rs10742130	0	0	0	0	0
rs10742131	0	0	0	0	0
rs10742132	0	0	0	0	0
rs10742133	0	0	0	0	0
rs10744181	0	0	0	0	0
rs10744514	0	0	0	0	0
rs10767499	0	0	0	0	0
rs10767500	0	0	0	0	0
rs10767501	0	0	0	0	0
rs10767502	0	0	0	0	0
rs10767504	0	0	0	0	0
rs10767505	0	0	0	0	0
rs10767506	0	0	0	0	0
rs10767507	0	0	0	0	0
rs10767508	0	0	0	0	0
rs10767511	0	0	0	0	0
rs10767512	0	0	0	0	0
rs10767515	0	0	0	0	0
rs1077142	0	0	0	0	2
rs10772745	0	0	0	0	0
rs10772753	0	0	0	0	0
rs10773891	0	0	0	0	0
rs10773894	0	0	0	0	0
rs10804388	0	0	0	0	0
rs1080954	0	0	0	0	1
rs1081492	0	0	0	0	1
rs10827895	0	0	0	0	0
rs10830855	0	0	0	0	1
rs10834895	0	0	0	0	0
rs10834896	0	0	0	0	0
rs10834897	0	0	0	0	0
rs10834898	0	0	0	0	0
rs10834900	0	0	0	0	0
rs10834901	0	0	0	0	0
rs10834902	0	0	0	0	0
rs10834904	0	0	0	0	0
rs10834912	0	0	0	0	0
rs10842507	0	0	0	0	0
rs10842509	0	0	0	0	0
rs10845729	0	0	0	0	0
rs10845923	0	0	0	0	0
rs10845925	0	0	0	0	0
rs10848369	0	0	0	0	0
rs10848374	0	0	0	0	0
rs10848376	0	0	0	0	0
rs10848378	0	0	0	0	0
rs10848379	0	0	0	0	0
rs10857305	0	0	0	0	0
rs10857405	0	0	0	0	1
rs10862810	0	0	0	0	0
rs10870577	0	0	0	0	0
rs10900856	0	0	0	0	2
rs10932806	0	0	0	0	2
rs10933455	0	0	0	0	0
rs10944437	0	0	0	0	0
rs11012109	0	0	0	0	0
rs11012155	0	0	0	0	0
rs11012167	0	0	0	0	0
rs11029100	0	0	0	0	0
rs11029117	0	0	0	0	0
rs11029118	0	0	0	0	0
rs11029121	0	0	0	0	0
rs11029130	0	0	0	0	0
rs11029133	0	0	0	0	0
rs11029137	0	0	0	0	0
rs11047826	0	0	0	0	0
rs11047837	0	0	0	0	0
rs11047842	0	0	0	0	0
rs11047845	0	0	0	0	0
rs11047857	0	0	0	0	0
rs11047866	0	0	0	0	0
rs11047875	0	0	0	0	0
rs11047877	0	0	0	0	0
rs11047880	0	0	0	0	0
rs11047892	0	0	0	0	0
rs11047893	0	0	0	0	0
rs11047911	0	0	0	0	0
rs11047918	0	0	0	0	0
rs11055318	0	0	0	0	0
rs11055837	0	0	0	0	0
rs11056504	0	0	0	0	0
rs11056510	0	0	0	0	0
rs11056516	0	0	0	0	0
rs11061504	0	0	0	0	0
rs11061506	0	0	0	0	0
rs11061512	0	0	0	0	0
rs11061513	0	0	0	0	0
rs11061518	0	0	0	0	0
rs11061519	0	0	0	0	0
rs11061520	0	0	0	0	0
rs11081652	0	0	0	0	0
rs11085247	0	0	0	0	1
rs11097732	0	0	0	0	0
rs11097733	0	0	0	0	0
rs11100134	0	0	0	0	0
rs11100770	0	0	0	0	1
rs11100771	0	0	0	0	1
rs11100772	0	0	0	0	1
rs11100773	0	0	0	0	1
rs11100778	0	0	0	0	1
rs11100780	0	0	0	0	1
rs11100782	0	0	0	0	1
rs11100783	0	0	0	0	1
rs11100785	0	0	0	0	1
rs11100786	0	0	0	0	1
rs11100787	0	0	0	0	1
rs11102748	0	0	0	0	0
rs11116149	0	0	0	0	0
rs11116150	0	0	0	0	0
rs11116152	0	0	0	0	0
rs11116177	0	0	0	0	0
rs11116181	0	0	0	0	0
rs11116183	0	0	0	0	0
rs11121655	0	0	0	0	1
rs111238475	0	0	0	0	0
rs111268891	0	0	0	0	0
rs111288297	0	0	0	0	0
rs11129573	0	0	0	0	0
rs11129575	0	0	0	0	0
rs111314111	0	0	0	0	0
rs111316562	0	0	0	0	0
rs111330447	0	0	0	0	0
rs111331238	0	0	0	0	0
rs1113378	0	0	0	0	0
rs111369901	0	0	0	0	0
rs111386387	0	0	0	0	0
rs111427440	0	0	0	0	0
rs111468777	0	0	0	0	0
rs11146957	0	0	0	0	0
rs11146985	0	0	0	0	0
rs111471524	0	0	0	0	0
rs111474416	1	0.5	0	0	0
rs111483825	0	0	0	0	2
rs111517583	0	0	0	0	0
rs1115195	0	0	0	0	0
rs11153579	0	0	0	0	0
rs11157335	0	0	0	0	0
rs111575763	0	0	0	0	0
rs111593386	0	0	0	0	2
rs11160616	0	0	0	0	0
rs111615378	0	0	0	0	1
rs111697666	0	0	0	0	0
rs111740453	0	0	0	0	0
rs111782121	0	0	0	0	0
rs111790769	0	0	0	0	0
rs111791642	0	0	0	0	0
rs111842705	0	0	0	0	0
rs11184320	0	0	0	0	0
rs11184321	0	0	0	0	0
rs11184322	0	0	0	0	0
rs11184323	0	0	0	0	0
rs11184325	0	0	0	0	0
rs11184327	0	0	0	0	0
rs11184328	0	0	0	0	0
rs11184329	0	0	0	0	0
rs11185618	0	0	0	0	0
rs11185622	0	0	0	0	0
rs11185625	0	0	0	0	0
rs111859999	0	0	0	0	0
rs111866400	0	0	0	0	0
rs111878168	0	0	0	0	0
rs111963721	0	0	0	0	0
rs111966567	0	0	0	0	0
rs111976610	0	0	0	0	0
rs111992066	0	0	0	0	1
rs111996994	0	0	0	0	0
rs112012380	0	0	0	0	0
rs112014711	0	0	0	0	0
rs112032321	0	0	0	0	0
rs112032463	0	0	0	0	0
rs112047121	0	0	0	0	0
rs112058985	0	0	0	0	1
rs1120794	0	0	0	0	0
rs112101333	0	0	0	0	0
rs112118787	0	0	0	0	0
rs112123925	0	0	0	0	0
rs112131737	0	0	0	0	0
rs112210015	0	0	0	0	0
rs11225201	2	1	2	5	2
rs11225202	0	0	0	0	2
rs11225203	0	0	0	0	2
rs112263401	0	0	0	0	0
rs11233815	0	0	0	0	0
rs11233818	0	0	0	0	0
rs11233819	0	0	0	0	0
rs11233820	0	0	0	0	0
rs11233821	0	0	0	0	0
rs11233822	0	0	0	0	0
rs11233827	0	0	0	0	0
rs11233830	0	0	0	0	0
rs11233831	0	0	0	0	0
rs11233832	0	0	0	0	0
rs11233837	0	0	0	0	0
rs11233842	0	0	0	0	0
rs112362973	0	0	0	0	1
rs112373572	0	0	0	0	0
rs112385307	0	0	0	0	0
rs112414433	0	0	0	0	0
rs11242441	0	0	0	0	2
rs11242442	0	0	0	0	2
rs11242444	0	0	0	0	2
rs11242445	0	0	0	0	2
rs11242447	0	0	0	0	2
rs11242448	0	0	0	0	2
rs11242869	0	0	0	0	0
rs11242872	0	0	0	0	0
rs112429781	0	0	0	0	0
rs112441769	0	0	0	0	1
rs112449521	0	0	0	0	0
rs112475896	0	0	0	0	0
rs112476746	0	0	0	0	0
rs112478588	0	0	0	0	0
rs112504630	0	0	0	0	0
rs112506170	0	0	0	0	0
rs112541880	0	0	0	0	0
rs112548980	0	0	0	0	1
rs1125548	0	0	0	0	0
rs112604101	0	0	0	0	0
rs1126291	0	0	0	0	0
rs1126292	0	0	0	0	0
rs112666778	0	0	0	0	0
rs112756164	0	0	0	0	0
rs11276800	0	0	0	0	0
rs11283662	0	0	0	0	0
rs112908308	0	0	0	0	0
rs112960966	0	0	0	0	0
rs112970345	0	0	0	0	0
rs1130294	0	0	0	0	0
rs11303315	0	0	0	0	1
rs113053283	0	0	0	0	1
rs113064598	0	0	0	0	0
rs113070256	0	0	0	0	0
rs113110428	0	0	0	0	0
rs113117513	0	0	0	0	0
rs113128492	0	0	0	0	0
rs113140594	0	0	0	0	0
rs113192163	0	0	0	0	0
rs11321336	0	0	0	0	0
rs11321337	0	0	0	0	0
rs113216112	0	0	0	0	0
rs113221792	0	0	0	0	0
rs113230244	0	0	0	0	0
rs113240437	0	0	0	0	1
rs113354394	0	0	0	0	1
rs11339463	0	0	0	0	0
rs113394953	0	0	0	0	0
rs113397884	0	0	0	0	0
rs11341044	0	0	0	0	0
rs113425481	0	0	0	0	2
rs11342550	0	0	0	0	0
rs11343271	0	0	0	0	0
rs113442694	0	0	0	0	0
rs113452642	0	0	0	0	0
rs11345901	0	0	0	0	0
rs113460308	0	0	0	0	0
rs113461042	0	0	0	0	0
rs113507732	0	0	0	0	0
rs113565640	0	0	0	0	2
rs113568526	0	0	0	0	1
rs11361202	0	0	0	0	0
rs113621015	0	0	0	0	0
rs113630140	0	0	0	0	0
rs113658750	0	0	0	0	0
rs113683295	0	0	0	0	0
rs113698310	0	0	0	0	0
rs11372547	0	0	0	0	0
rs113736287	0	0	0	0	0
rs11376437	0	0	0	0	1
rs113794849	0	0	0	0	0
rs113818360	0	0	0	0	0
rs113820546	0	0	0	0	1
rs113838095	0	0	0	0	0
rs113858704	0	0	0	0	0
rs113882524	0	0	0	0	0
rs11390970	0	0	0	0	0
rs1139270	0	0	0	0	2
rs11393396	0	0	0	0	0
rs113934974	0	0	0	0	2
rs114003530	0	0	0	0	0
rs114006056	0	0	0	0	0
rs11402432	0	0	0	0	0
rs114038031	0	0	0	0	0
rs114044000	0	0	0	0	0
rs114087988	2	0.5	0	0	0
rs114098136	0	0	0	0	0
rs114106991	0	0	0	0	0
rs114140251	0	0	0	0	0
rs114153788	0	0	0	0	0
rs114159501	0	0	0	0	0
rs11419717	0	0	0	0	1
rs114221628	0	0	0	0	0
rs114223606	0	0	0	0	0
rs114293865	0	0	0	0	0
rs114312101	0	0	0	0	0
rs11432320	0	0	0	0	0
rs114398201	0	0	0	0	0
rs114482694	0	0	0	0	0
rs114493026	0	0	0	0	0
rs114529161	0	0	0	0	0
rs114536396	0	0	0	0	0
rs114537871	1	0	0	0	0
rs114594386	0	0	0	0	0
rs114603619	0	0	0	0	0
rs114611189	0	0	0	0	0
rs114614425	0	0	0	0	0
rs114615510	0	0	0	0	0
rs114634307	0	0	0	0	0
rs114681613	0	0	0	0	0
rs114683993	0	0	0	0	0
rs114740145	0	0	0	0	1
rs114744670	0	0	0	0	0
rs114755280	0	0	0	0	1
rs114757154	0	0	0	0	0
rs114772174	0	0	0	0	0
rs114780293	0	0	0	0	0
rs114780654	0	0	0	0	0
rs114788993	0	0	0	0	0
rs114797311	0	0	0	0	0
rs114830034	0	0	0	0	0
rs11488079	0	0	0	0	0
rs114967166	0	0	0	0	0
rs11498355	0	0	0	0	0
rs11498356	0	0	0	0	0
rs114998284	0	0	0	0	0
rs114999486	0	0	0	0	0
rs115005496	0	0	0	0	0
rs115009293	0	0	0	0	0
rs115058698	0	0	0	0	0
rs115116557	0	0	0	0	0
rs115128840	0	0	0	0	0
rs115135187	0	0	0	0	0
rs115164863	0	0	0	0	0
rs115175537	0	0	0	0	0
rs115229735	0	0	0	0	0
rs115231150	0	0	0	0	0
rs115235257	0	0	0	0	1
rs115266287	0	0	0	0	0
rs115273856	0	0	0	0	0
rs115302983	0	0	0	0	0
rs11531007	0	0	0	0	0
rs115316535	0	0	0	0	0
rs115332333	0	0	0	0	0
rs11533487	0	0	0	0	0
rs115344261	0	0	0	0	0
rs115414844	0	0	0	0	0
rs115516662	0	0	0	0	0
rs115546065	0	0	0	0	0
rs115563185	0	0	0	0	0
rs115576012	0	0	0	0	0
rs115619725	0	0	0	0	0
rs115632182	0	0	0	0	0
rs115632505	0	0	0	0	0
rs115643064	0	0	0	0	0
rs115647208	0	0	0	0	0
rs115655458	0	0	0	0	0
rs1156783	0	0	0	0	0
rs115755032	0	0	0	0	0
rs115766366	0	0	0	0	0
rs115767103	0	0	0	0	0
rs115769147	0	0	0	0	0
rs115823838	0	0	0	0	0
rs115847214	0	0	0	0	0
rs115847858	0	0	0	0	0
rs115872769	0	0	0	0	1
rs11594468	0	0	0	0	0
rs115957857	0	0	0	0	0
rs115965605	0	0	0	0	0
rs115984586	0	0	0	0	0
rs115986282	0	0	0	0	0
rs11600522	0	0	0	0	2
rs116011632	0	0	0	0	0
rs1160195	0	0	0	0	0
rs11602147	0	0	0	0	2
rs116035891	0	0	0	0	0
rs116038661	0	0	0	0	0
rs116045808	0	0	0	0	0
rs11606268	0	0	0	0	2
rs116067729	0	0	0	0	0
rs116118636	0	0	0	0	0
rs116126777	0	0	0	0	0
rs116141149	0	0	0	0	0
rs116155555	0	0	0	0	0
rs116157133	0	0	0	0	0
rs116163535	0	0	0	0	0
rs11617143	0	0	0	0	2
rs11617714	0	0	0	0	2
rs11618304	0	0	0	0	2
rs11618554	0	0	0	0	2
rs11618672	0	0	0	0	2
rs116225789	0	0	0	0	0
rs116242657	0	0	0	0	0
rs116252888	0	0	0	0	1
rs11625378	0	0	0	0	0
rs116274842	0	0	0	0	0
rs116290643	0	0	0	0	0
rs116296797	0	0	0	0	0
rs116337039	0	0	0	0	0
rs116354819	0	0	0	0	0
rs116379087	0	0	0	0	0
rs116380452	0	0	0	0	0
rs116389194	0	0	0	0	0
rs116393062	0	0	0	0	1
rs116404973	0	0	0	0	0
rs116440664	0	0	0	0	0
rs116449477	0	0	0	0	0
rs116449850	0	0	0	0	1
rs116451031	0	0	0	0	0
rs116474213	0	0	0	0	0
rs116490500	0	0	0	0	0
rs116570664	0	0	0	0	1
rs116576958	0	0	0	0	0
rs116588679	0	0	0	0	0
rs116610751	0	0	0	0	0
rs11662309	0	0	0	0	0
rs116628261	0	0	0	0	0
rs116647640	0	0	0	0	0
rs116657151	0	0	0	0	0
rs11668620	0	0	0	0	1
rs116692827	0	0	0	0	0
rs11670004	0	0	0	0	0
rs11670430	0	0	0	0	1
rs116706492	0	0	0	0	0
rs116727314	0	0	0	0	0
rs116732179	0	0	0	0	0
rs116805426	0	0	0	0	0
rs11682483	0	0	0	0	0
rs116838175	0	0	0	0	0
rs116844260	0	0	0	0	0
rs116858276	0	0	0	0	0
rs116860694	0	0	0	0	0
rs116861280	0	0	0	0	0
rs116872313	0	0	0	0	0
rs116873254	0	0	0	0	0
rs116880541	0	0	0	0	0
rs11688464	0	0	0	0	2
rs116926964	0	0	0	0	0
rs116943945	0	0	0	0	0
rs116945555	0	0	0	0	0
rs116980985	0	0	0	0	0
rs117008580	0	0	0	0	0
rs117033636	0	0	0	0	0
rs117034709	0	0	0	0	0
rs117050303	0	0	0	0	0
rs11705450	0	0	0	0	1
rs11705504	0	0	0	0	0
rs11705963	0	0	0	0	2
rs11706001	0	0	0	0	2
rs11706108	0	0	0	0	2
rs11707844	0	0	0	0	0
rs11707864	0	0	0	0	2
rs11707931	0	0	0	0	2
rs117082255	0	0	0	0	0
rs117087068	0	0	0	0	0
rs117089009	0	0	0	0	0
rs117090524	0	0	0	0	0
rs11709658	0	0	0	0	2
rs11711171	0	0	0	0	0
rs11711934	0	0	0	0	2
rs117122440	0	0	0	0	0
rs117139434	0	0	0	0	0
rs11714402	0	0	0	0	2
rs11715749	0	0	0	0	0
rs11716017	0	0	0	0	2
rs117173807	0	0	0	0	0
rs117175215	0	0	0	0	0
rs11717668	0	0	0	0	0
rs117178632	0	0	0	0	0
rs117180838	0	0	0	0	0
rs11718125	0	0	0	0	2
rs117192069	0	0	0	0	0
rs11719568	0	0	0	0	0
rs117217728	0	0	0	0	0
rs11722027	0	0	0	0	1
rs11724415	0	0	0	0	0
rs11724872	0	0	0	0	1
rs11725565	0	0	0	0	1
rs11727441	0	0	0	0	1
rs11728962	0	0	0	0	0
rs11730505	0	0	0	0	0
rs11730569	0	0	0	0	0
rs117336714	0	0	0	0	0
rs11734105	0	0	0	0	0
rs11737209	0	0	0	0	1
rs11737503	0	0	0	0	0
rs117375807	0	0	0	0	0
rs11738376	0	0	0	0	2
rs11738827	0	0	0	0	2
rs11739307	0	0	0	0	0
rs11739351	0	0	0	0	2
rs117397574	0	0	0	0	0
rs117397645	0	0	0	0	0
rs117409926	0	0	0	0	0
rs11741077	0	0	0	0	2
rs11741105	0	0	0	0	2
rs11741150	0	0	0	0	2
rs11743803	0	0	0	0	0
rs11743851	0	0	0	0	1
rs11744972	0	0	0	0	2
rs117452713	0	0	0	0	0
rs117453199	0	0	0	0	0
rs11746434	0	0	0	0	2
rs11746464	0	0	0	0	2
rs117470558	0	0	0	0	0
rs11748097	0	0	0	0	2
rs117482122	0	0	0	0	0
rs11748389	0	0	0	0	0
rs11749045	0	0	0	0	2
rs11749189	0	0	0	0	0
rs11749944	0	0	0	0	2
rs11750382	0	0	0	0	2
rs117515357	0	0	0	0	0
rs117534922	0	0	0	0	0
rs117539818	0	0	0	0	0
rs117558235	0	0	0	0	0
rs117568839	0	0	0	0	0
rs117580748	0	0	0	0	0
rs117594529	0	0	0	0	0
rs117595550	0	0	0	0	0
rs117597714	0	0	0	0	0
rs117603166	0	0	0	0	0
rs117618041	0	0	0	0	0
rs117638866	0	0	0	0	1
rs117653899	0	0	0	0	0
rs11766128	0	0	0	0	0
rs11767646	0	0	0	0	0
rs117734218	0	0	0	0	0
rs117739222	0	0	0	0	0
rs117743429	0	0	0	0	0
rs117748533	0	0	0	0	0
rs117759352	0	0	0	0	0
rs117761593	0	0	0	0	0
rs117783783	0	0	0	0	0
rs117789445	0	0	0	0	0
rs117798840	0	0	0	0	0
rs117819293	0	0	0	0	0
rs117838040	0	0	0	0	0
rs11787555	0	0	0	0	0
rs11789552	0	0	0	0	0
rs117906602	0	0	0	0	0
rs117912025	0	0	0	0	0
rs117940504	0	0	0	0	0
rs117969816	0	0	0	0	0
rs117979639	0	0	0	0	0
rs11799389	0	0	0	0	0
rs11799618	0	0	0	0	0
rs118000944	0	0	0	0	0
rs11800169	0	0	0	0	0
rs118003254	0	0	0	0	0
rs11800364	0	0	0	0	0
rs11800443	0	0	0	0	0
rs118005697	0	0	0	0	0
rs118005738	0	0	0	0	0
rs11800714	0	0	0	0	0
rs11800777	0	0	0	0	0
rs11801012	0	0	0	0	0
rs11801282	0	0	0	0	0
rs11801541	0	0	0	0	0
rs11802399	0	0	0	0	0
rs11803651	0	0	0	0	0
rs11803919	0	0	0	0	0
rs118039456	0	0	0	0	0
rs11804181	0	0	0	0	0
rs11804271	0	0	0	0	0
rs118043036	0	0	0	0	0
rs11804807	0	0	0	0	0
rs11804842	0	0	0	0	0
rs11805012	0	0	0	0	0
rs11805192	0	0	0	0	0
rs11805662	0	0	0	0	0
rs11806065	0	0	0	0	0
rs11806633	0	0	0	0	0
rs118067009	0	0	0	0	0
rs11806721	0	0	0	0	0
rs11807068	0	0	0	0	0
rs11807375	0	0	0	0	0
rs11807425	0	0	0	0	0
rs11807957	0	0	0	0	0
rs11808210	0	0	0	0	0
rs11808299	0	0	0	0	0
rs11808670	0	0	0	0	0
rs11808674	0	0	0	0	0
rs11808696	0	0	0	0	0
rs11808843	0	0	0	0	0
rs11808908	0	0	0	0	0
rs11809077	0	0	0	0	0
rs11809113	0	0	0	0	0
rs118092028	0	0	0	0	0
rs11809905	0	0	0	0	0
rs118099230	0	0	0	0	0
rs11810440	0	0	0	0	0
rs11811210	0	0	0	0	0
rs11811591	0	0	0	0	0
rs11811620	0	0	0	0	0
rs11811982	0	0	0	0	0
rs11812048	0	0	0	0	0
rs118133172	0	0	0	0	0
rs11813323	0	0	0	0	0
rs118136649	0	0	0	0	0
rs118153602	0	0	0	0	2
rs11817270	0	0	0	0	0
rs118174428	0	0	0	0	0
rs11848362	0	0	0	0	0
rs11848365	0	0	0	0	0
rs11857451	0	0	0	0	0
rs11866218	0	0	0	0	0
rs1186903	0	0	0	0	0
rs11874459	0	0	0	0	0
rs11879213	0	0	0	0	0
rs11901954	0	0	0	0	0
rs11922173	0	0	0	0	0
rs11932694	0	0	0	0	0
rs11933603	0	0	0	0	1
rs11940477	0	0	0	0	1
rs11940580	0	0	0	0	1
rs11943957	0	0	0	0	1
rs11947952	0	0	0	0	1
rs11948429	0	0	0	0	2
rs11949916	0	0	0	0	2
rs11950815	0	0	0	0	2
rs11950819	2	0.5	0	0	2
rs11951899	0	0	0	0	2
rs11952020	0	0	0	0	2
rs11953786	0	0	0	0	2
rs11955952	0	0	0	0	2
rs11956089	0	0	0	0	2
rs11956159	0	0	0	0	2
rs11957527	0	0	0	0	2
rs11957633	0	0	0	0	2
rs11957953	0	0	0	0	2
rs11958050	0	0	0	0	2
rs11958529	0	0	0	0	2
rs11959691	0	0	0	0	2
rs11959727	2	0.5	0	0	2
rs11959803	0	0	0	0	2
rs11959851	0	0	0	0	2
rs11965609	0	0	0	0	0
rs11975861	0	0	0	0	0
rs11978374	0	0	0	0	0
rs11981316	0	0	0	0	0
rs11987490	0	0	0	0	1
rs11988146	0	0	0	0	1
rs11990735	0	0	0	0	1
rs11993672	0	0	0	0	0
rs12054266	0	0	0	0	1
rs12055237	0	0	0	0	2
rs12056457	0	0	0	0	0
rs12058848	0	0	0	0	0
rs12063341	0	0	0	0	0
rs12074414	0	0	0	0	0
rs12088616	0	0	0	0	0
rs12090372	0	0	0	0	0
rs12091929	0	0	0	0	0
rs12097158	0	0	0	0	0
rs12098902	0	0	0	0	0
rs12108892	0	0	0	0	2
rs12118170	0	0	0	0	0
rs12132526	0	0	0	0	0
rs12135610	0	0	0	0	0
rs12136709	0	0	0	0	0
rs12147127	0	0	0	0	0
rs12147648	0	0	0	0	0
rs12147683	0	0	0	0	0
rs12151832	0	0	0	0	0
rs12173085	0	0	0	0	0
rs12185022	0	0	0	0	0
rs12185055	0	0	0	0	0
rs12192394	0	0	0	0	0
rs12192596	0	0	0	0	0
rs12195422	0	0	0	0	0
rs12199128	0	0	0	0	1
rs12199347	0	0	0	0	0
rs12199465	0	0	0	0	0
rs12200969	0	0	0	0	0
rs12202501	0	0	0	0	1
rs12202695	0	0	0	0	0
rs12205354	0	0	0	0	0
rs12205364	0	0	0	0	0
rs12206251	0	0	0	0	1
rs12206552	0	0	0	0	0
rs12206795	0	0	0	0	1
rs12222190	0	0	0	0	0
rs12222865	0	0	0	0	0
rs12225678	0	0	0	0	0
rs12228277	0	0	0	0	0
rs12228408	0	0	0	0	0
rs12229133	0	0	0	0	0
rs12229161	0	0	0	0	0
rs12229450	0	0	0	0	0
rs12230737	0	0	0	0	0
rs12230955	0	0	0	0	0
rs12240529	0	0	0	0	0
rs12240588	0	0	0	0	0
rs12240679	0	0	0	0	0
rs12242252	0	0	0	0	0
rs12244363	0	0	0	0	0
rs12246984	0	0	0	0	0
rs12250109	0	0	0	0	0
rs12251618	0	0	0	0	0
rs12251804	0	0	0	0	0
rs12253619	0	0	0	0	0
rs12254460	0	0	0	0	0
rs12254509	0	0	0	0	0
rs12254775	0	0	0	0	0
rs12259227	0	0	0	0	0
rs12259659	0	0	0	0	0
rs12260672	0	0	0	0	0
rs12260733	0	0	0	0	0
rs12261615	0	0	0	0	0
rs12261731	0	0	0	0	0
rs12262519	0	0	0	0	0
rs12262668	0	0	0	0	0
rs12262779	0	0	0	0	0
rs12263315	0	0	0	0	0
rs12264631	0	0	0	0	0
rs12264633	0	0	0	0	0
rs12265322	0	0	0	0	0
rs12266545	0	0	0	0	0
rs12266778	0	0	0	0	0
rs12268946	0	0	0	0	0
rs12278400	0	0	0	0	0
rs12280343	0	0	0	0	2
rs12287691	0	0	0	0	0
rs1229127	0	0	0	0	0
rs12296182	0	0	0	0	0
rs12305669	0	0	0	0	0
rs12308066	0	0	0	0	0
rs12308582	0	0	0	0	0
rs12309527	0	0	0	0	0
rs12319590	0	0	0	0	1
rs123602	0	0	0	0	2
rs12363247	0	0	0	0	0
rs12368715	0	0	0	0	1
rs12371717	0	0	0	0	0
rs1237838	0	0	0	0	1
rs12423011	0	0	0	0	0
rs12423047	0	0	0	0	0
rs12423489	0	0	0	0	0
rs12423778	0	0	0	0	0
rs12426684	0	0	0	0	0
rs12427119	0	0	0	0	0
rs12427141	0	0	0	0	0
rs12427150	0	0	0	0	0
rs12449877	0	0	0	0	0
rs12450042	0	0	0	0	0
rs12452281	0	0	0	0	0
rs12457271	0	0	0	0	0
rs12457497	0	0	0	0	0
rs12458056	0	0	0	0	0
rs1246347	0	0	0	0	0
rs12465287	0	0	0	0	0
rs12467193	0	0	0	0	0
rs12485253	2	0.5	0	2	0
rs12485304	0	0	0	0	0
rs12485408	0	0	0	0	0
rs12485413	0	0	0	0	0
rs12486443	0	0	0	0	0
rs12495692	0	0	0	0	0
rs12496216	0	0	0	0	0
rs12496702	0	0	0	0	0
rs12499485	0	0	0	0	1
rs12500586	0	0	0	0	0
rs12501994	0	0	0	0	1
rs12505142	0	0	0	0	1
rs12506120	0	0	0	0	1
rs12523195	0	0	0	0	2
rs12526106	0	0	0	0	0
rs12526499	0	0	0	0	0
rs12533270	0	0	0	0	0
rs12536727	0	0	0	0	0
rs12541337	0	0	0	0	0
rs12543088	0	0	0	0	0
rs12545934	0	0	0	0	0
rs12547913	0	0	0	0	0
rs12576911	0	0	0	0	2
rs12580581	0	0	0	0	0
rs12582183	0	0	0	0	0
rs12591707	0	0	0	0	0
rs12602077	0	0	0	0	0
rs12603090	0	0	0	0	0
rs12615179	0	0	0	0	0
rs12615207	0	0	0	0	0
rs12615327	0	0	0	0	0
rs12618568	0	0	0	0	0
rs12624916	0	0	0	0	0
rs1263337	0	0	0	0	2
rs12642686	0	0	0	0	0
rs12642747	0	0	0	0	0
rs12643349	0	0	0	0	0
rs12645253	0	0	0	0	0
rs12647531	0	0	0	0	0
rs12647578	0	0	0	0	0
rs12649590	0	0	0	0	0
rs12651134	0	0	0	0	0
rs12662480	0	0	0	0	0
rs12668666	0	0	0	0	0
rs12672302	0	0	0	0	0
rs12676082	0	0	0	0	1
rs12677839	0	0	0	0	0
rs12679387	0	0	0	0	0
rs12681782	0	0	0	0	1
rs12713215	0	0	0	0	0
rs12718310	0	0	0	0	0
rs12718311	0	0	0	0	0
rs12718314	0	0	0	0	0
rs12718316	0	0	0	0	0
rs12718320	0	0	0	0	0
rs12719517	0	0	0	0	2
rs12719518	0	0	0	0	2
rs12719519	0	0	0	0	2
rs12730632	0	0	0	0	0
rs12731945	0	0	0	0	0
rs12733938	0	0	0	0	0
rs12736446	0	0	0	0	0
rs12743360	0	0	0	0	0
rs12745444	0	0	0	0	0
rs12749140	0	0	0	0	0
rs12749309	0	0	0	0	0
rs12752849	0	0	0	0	0
rs12755921	0	0	0	0	1
rs12766594	0	0	0	0	0
rs12779437	0	0	0	0	0
rs12785755	0	0	0	0	0
rs12787745	0	0	0	0	2
rs12789170	0	0	0	0	2
rs12789498	0	0	0	0	2
rs12794196	0	0	0	0	2
rs12803371	0	0	0	0	0
rs12803860	0	0	0	0	0
rs12804441	0	0	0	0	0
rs12812562	0	0	0	0	0
rs12817048	0	0	0	0	0
rs12831540	0	0	0	0	0
rs12831624	0	0	0	0	0
rs12832184	0	0	0	0	0
rs12856872	0	0	0	0	0
rs12873685	0	0	0	0	1
rs12879413	0	0	0	0	0
rs12887983	0	0	0	0	0
rs12897530	0	0	0	0	0
rs1291603	0	0	0	0	2
rs12939154	0	0	0	0	1
rs12949052	0	0	0	0	1
rs12950443	0	0	0	0	0
rs12964288	0	0	0	0	0
rs12976338	0	0	0	0	0
rs12977069	0	0	0	0	1
rs12979222	0	0	0	0	0
rs12981952	0	0	0	0	0
rs1305590	0	0	0	0	0
rs13059674	0	0	0	0	2
rs13059998	0	0	0	0	0
rs13060380	0	0	0	0	0
rs13062167	0	0	0	0	0
rs13063064	0	0	0	0	0
rs13075370	0	0	0	0	2
rs13076890	0	0	0	0	2
rs13080583	0	0	0	0	0
rs13091545	0	0	0	0	2
rs13102076	0	0	0	0	0
rs13102116	0	0	0	0	1
rs13102238	0	0	0	0	1
rs13102579	0	0	0	0	1
rs13106497	0	0	0	0	1
rs13107465	0	0	0	0	1
rs13108677	0	0	0	0	0
rs13114280	0	0	0	0	1
rs13116414	0	0	0	0	1
rs13118943	0	0	0	0	1
rs13119242	0	0	0	0	0
rs13119330	0	0	0	0	1
rs13120488	0	0	0	0	0
rs13121583	0	0	0	0	1
rs13123498	0	0	0	0	0
rs13125187	0	0	0	0	0
rs13128884	0	0	0	0	1
rs13133090	0	0	0	0	1
rs13138711	0	0	0	0	0
rs13139457	0	0	0	0	1
rs13139558	0	0	0	0	1
rs13140643	0	0	0	0	1
rs13143269	0	0	0	0	0
rs13143619	0	0	0	0	0
rs13150694	0	0	0	0	1
rs13151579	0	0	0	0	0
rs13153324	0	0	0	0	2
rs13153618	0	0	0	0	2
rs13157685	0	0	0	0	2
rs13159910	0	0	0	0	0
rs13161013	0	0	0	0	2
rs13161286	0	0	0	0	2
rs13163536	0	0	0	0	2
rs13164605	0	0	0	0	0
rs13169022	0	0	0	0	0
rs13170388	0	0	0	0	2
rs13174479	0	0	0	0	2
rs13175084	0	0	0	0	1
rs1317521	0	0	0	0	0
rs1317597	0	0	0	0	0
rs1317598	0	0	0	0	0
rs13176497	0	0	0	0	2
rs13176902	0	0	0	0	2
rs13177503	0	0	0	0	2
rs13180851	0	0	0	0	2
rs13182437	0	0	0	0	2
rs131827	0	0	0	0	0
rs13182789	0	0	0	0	2
rs131829	0	0	0	0	0
rs131830	0	0	0	0	0
rs13186634	0	0	0	0	0
rs13187096	0	0	0	0	2
rs13187374	0	0	0	0	0
rs13189485	0	0	0	0	2
rs13196287	0	0	0	0	0
rs1319736	0	0	0	0	0
rs13197702	0	0	0	0	0
rs13198294	0	0	0	0	0
rs13202080	0	0	0	0	0
rs13211978	0	0	0	0	0
rs13215071	0	0	0	0	0
rs13236051	0	0	0	0	0
rs13243449	0	0	0	0	0
rs13246456	0	0	0	0	0
rs13247910	0	0	0	0	0
rs132638	0	0	0	0	0
rs132643	0	0	0	0	0
rs132650	0	0	0	0	0
rs13303292	0	0	0	0	0
rs13311726	0	0	0	0	0
rs13333572	0	0	0	0	0
rs13336174	0	0	0	0	0
rs13336298	0	0	0	0	0
rs13340595	0	0	0	0	0
rs13373821	0	0	0	0	0
rs1339430	0	0	0	0	0
rs1339662	0	0	0	0	0
rs1339664	0	0	0	0	0
rs13419891	0	0	0	0	0
rs13421637	0	0	0	0	0
rs1364610	0	0	0	0	0
rs1371801	0	0	0	0	1
rs137895045	0	0	0	0	0
rs137901179	0	0	0	0	0
rs137932996	0	0	0	0	0
rs137933651	0	0	0	0	0
rs138016652	0	0	0	0	0
rs138086627	0	0	0	0	1
rs138087775	0	0	0	0	0
rs138092671	0	0	0	0	0
rs138152403	0	0	0	0	0
rs138198121	0	0	0	0	0
rs138200352	0	0	0	0	0
rs138209703	0	0	0	0	0
rs138239187	0	0	0	0	0
rs138288860	0	0	0	0	1
rs138293535	0	0	0	0	0
rs138298174	0	0	0	0	0
rs138321874	0	0	0	0	0
rs138327616	0	0	0	0	0
rs138361546	0	0	0	0	0
rs1383695	0	0	0	0	0
rs1383696	0	0	0	0	0
rs138399652	0	0	0	0	0
rs138539860	0	0	0	0	2
rs138563679	0	0	0	0	0
rs138615375	0	0	0	0	0
rs138649718	0	0	0	0	0
rs138668685	0	0	0	0	0
rs1386763	0	0	0	0	1
rs1386764	0	0	0	0	1
rs1386765	0	0	0	0	1
rs1386766	0	0	0	0	1
rs138720454	0	0	0	0	0
rs138724747	0	0	0	0	1
rs138740313	0	0	0	0	0
rs1387481	0	0	0	0	0
rs1387482	0	0	0	0	0
rs1387485	0	0	0	0	0
rs138750085	0	0	0	0	1
rs1387503	0	0	0	0	0
rs1387504	0	0	0	0	0
rs1387505	0	0	0	0	0
rs1387507	0	0	0	0	0
rs138812059	0	0	0	0	0
rs138825076	0	0	0	0	0
rs138884863	0	0	0	0	0
rs138891124	0	0	0	0	0
rs138902671	0	0	0	0	0
rs138940737	0	0	0	0	0
rs138962423	0	0	0	0	0
rs139031891	0	0	0	0	0
rs139035512	0	0	0	0	0
rs139101790	0	0	0	0	0
rs139110797	0	0	0	0	0
rs139149158	0	0	0	0	0
rs139201218	0	0	0	0	0
rs139202747	0	0	0	0	0
rs139283179	0	0	0	0	0
rs139311426	0	0	0	0	0
rs139323361	0	0	0	0	0
rs139418212	0	0	0	0	0
rs1394513	0	0	0	0	1
rs139498866	0	0	0	0	0
rs1396196	0	0	0	0	1
rs139628263	0	0	0	0	0
rs139639759	0	0	0	0	0
rs139665616	0	0	0	0	0
rs139670790	0	0	0	0	0
rs139700442	0	0	0	0	0
rs139715148	0	0	0	0	0
rs1397528	0	0	0	0	0
rs139828142	0	0	0	0	0
rs139833859	0	0	0	0	0
rs139848692	0	0	0	0	0
rs139850001	0	0	0	0	0
rs139924703	0	0	0	0	0
rs139953472	0	0	0	0	0
rs139965470	0	0	0	0	0
rs139993728	0	0	0	0	1
rs140002900	0	0	0	0	0
rs140025764	0	0	0	0	0
rs140043970	0	0	0	0	0
rs140127086	0	0	0	0	0
rs140154877	0	0	0	0	1
rs140161357	0	0	0	0	0
rs140175243	0	0	0	0	1
rs140178006	0	0	0	0	0
rs140182464	0	0	0	0	0
rs140185014	0	0	0	0	0
rs140201117	0	0	0	0	1
rs140205871	0	0	0	0	0
rs140226053	0	0	0	0	0
rs140235377	0	0	0	0	0
rs140288100	0	0	0	0	0
rs140299893	0	0	0	0	0
rs140407452	0	0	0	0	0
rs140457799	0	0	0	0	0
rs140494357	0	0	0	0	0
rs140527	0	0	0	0	0
rs140584816	0	0	0	0	0
rs140603113	0	0	0	0	0
rs1406794	0	0	0	0	0
rs140716662	0	0	0	0	0
rs140755734	0	0	0	0	0
rs140799123	0	0	0	0	0
rs140807604	0	0	0	0	0
rs140870852	0	0	0	0	0
rs140904945	0	0	0	0	0
rs140946290	0	0	0	0	0
rs140960280	0	0	0	0	0
rs140975870	0	0	0	0	0
rs140989055	0	0	0	0	0
rs141093666	0	0	0	0	0
rs141146198	0	0	0	0	0
rs141205479	0	0	0	0	0
rs141226994	0	0	0	0	0
rs141244821	0	0	0	0	0
rs141261156	0	0	0	0	0
rs141298783	0	0	0	0	0
rs141340991	0	0	0	0	0
rs141342341	0	0	0	0	0
rs141376249	0	0	0	0	1
rs141385117	0	0	0	0	0
rs141414452	0	0	0	0	0
rs141481204	0	0	0	0	0
rs141529624	0	0	0	0	0
rs141540676	0	0	0	0	0
rs141616625	0	0	0	0	0
rs141643872	0	0	0	0	0
rs141670802	0	0	0	0	1
rs141708210	0	0	0	0	0
rs141712309	0	0	0	0	0
rs141716869	0	0	0	0	0
rs141762331	0	0	0	0	0
rs141771937	0	0	0	0	0
rs141810460	0	0	0	0	0
rs141852714	0	0	0	0	0
rs141853494	0	0	0	0	0
rs141887307	0	0	0	0	0
rs141993670	0	0	0	0	0
rs142001732	0	0	0	0	0
rs142012979	0	0	0	0	0
rs142014830	0	0	0	0	0
rs142024910	0	0	0	0	0
rs142075540	0	0	0	0	0
rs142111465	0	0	0	0	0
rs142145209	0	0	0	0	0
rs142152218	0	0	0	0	0
rs142247805	0	0	0	0	0
rs142263887	0	0	0	0	0
rs142272027	0	0	0	0	0
rs142281524	0	0	0	0	0
rs142328819	0	0	0	0	0
rs142384472	0	0	0	0	0
rs142388278	0	0	0	0	0
rs142396539	0	0	0	0	0
rs142476024	0	0	0	0	0
rs1424859	0	0	0	0	0
rs142519412	0	0	0	0	0
rs142542028	0	0	0	0	0
rs142566420	0	0	0	0	0
rs142641475	0	0	0	0	0
rs142683055	0	0	0	0	0
rs142688824	0	0	0	0	0
rs142779548	0	0	0	0	0
rs142830521	0	0	0	0	0
rs142863009	0	0	0	0	0
rs142916077	0	0	0	0	0
rs142950725	0	0	0	0	0
rs142965839	0	0	0	0	0
rs142967461	0	0	0	0	2
rs142972761	0	0	0	0	0
rs142976671	0	0	0	0	0
rs142994723	0	0	0	0	1
rs143005882	0	0	0	0	0
rs143053392	0	0	0	0	0
rs143103019	0	0	0	0	0
rs143228127	0	0	0	0	0
rs143262791	0	0	0	0	0
rs143300275	0	0	0	0	0
rs1433008	0	0	0	0	2
rs1433009	0	0	0	0	2
rs143325516	0	0	0	0	0
rs143349015	0	0	0	0	0
rs143366135	0	0	0	0	0
rs143404897	0	0	0	0	0
rs143484067	0	0	0	0	0
rs143489639	0	0	0	0	0
rs143532275	0	0	0	0	0
rs143532340	0	0	0	0	0
rs143560665	0	0	0	0	0
rs143578396	0	0	0	0	0
rs143602790	0	0	0	0	0
rs143630794	0	0	0	0	0
rs143735873	0	0	0	0	0
rs143756747	0	0	0	0	0
rs143838075	0	0	0	0	0
rs143917739	0	0	0	0	0
rs143997100	0	0	0	0	0
rs1440410	0	0	0	0	1
rs1440411	0	0	0	0	1
rs1440416	0	0	0	0	1
rs144067756	0	0	0	0	0
rs144146566	0	0	0	0	0
rs144153593	0	0	0	0	0
rs144166167	0	0	0	0	0
rs144193437	0	0	0	0	0
rs144218379	0	0	0	0	0
rs144257973	0	0	0	0	0
rs144277492	0	0	0	0	0
rs144316239	0	0	0	0	1
rs144351743	0	0	0	0	0
rs144354067	0	0	0	0	0
rs144466517	0	0	0	0	0
rs144497630	0	0	0	0	2
rs144508807	0	0	0	0	0
rs144534080	0	0	0	0	0
rs144542946	0	0	0	0	0
rs144562716	0	0	0	0	0
rs144620429	0	0	0	0	0
rs144640451	0	0	0	0	0
rs144643383	0	0	0	0	0
rs144651201	0	0	0	0	0
rs144679588	0	0	0	0	0
rs144702881	0	0	0	0	0
rs144704370	0	0	0	0	0
rs144806905	0	0	0	0	0
rs1448606	0	0	0	0	0
rs144862406	0	0	0	0	1
rs144868276	0	0	0	0	1
rs144913005	0	0	0	0	0
rs144962982	0	0	0	0	0
rs144970140	0	0	0	0	2
rs145002105	0	0	0	0	0
rs145055811	0	0	0	0	0
rs145113425	0	0	0	0	0
rs145154628	0	0	0	0	0
rs145193822	0	0	0	0	0
rs145195314	0	0	0	0	0
rs145247253	0	0	0	0	1
rs145259141	0	0	0	0	0
rs145266933	0	0	0	0	0
rs145343592	0	0	0	0	0
rs145378004	0	0	0	0	0
rs145381555	0	0	0	0	0
rs1454393	0	0	0	0	0
rs145448323	0	0	0	0	0
rs145470654	0	0	0	0	0
rs145481325	0	0	0	0	0
rs145551432	0	0	0	0	0
rs145554591	0	0	0	0	0
rs145576611	0	0	0	0	0
rs145589901	0	0	0	0	0
rs145600057	0	0	0	0	0
rs145660992	0	0	0	0	0
rs145722452	0	0	0	0	0
rs145809697	0	0	0	0	0
rs145827712	0	0	0	0	0
rs145851120	0	0	0	0	0
rs145881020	0	0	0	0	0
rs146012549	0	0	0	0	1
rs146070372	0	0	0	0	0
rs146176640	0	0	0	0	0
rs146186359	0	0	0	0	0
rs146210775	0	0	0	0	0
rs146239183	0	0	0	0	0
rs146285535	0	0	0	0	0
rs146345645	0	0	0	0	0
rs146372740	0	0	0	0	0
rs146397419	0	0	0	0	0
rs146407048	0	0	0	0	0
rs146435989	0	0	0	0	0
rs146445694	0	0	0	0	0
rs146453634	0	0	0	0	0
rs146469827	0	0	0	0	0
rs146519580	0	0	0	0	0
rs146581997	0	0	0	0	0
rs146630358	0	0	0	0	0
rs146643116	0	0	0	0	0
rs146689089	0	0	0	0	0
rs1467659	0	0	0	0	0
rs146848608	0	0	0	0	0
rs146851926	0	0	0	0	0
rs146860995	0	0	0	0	0
rs146880420	0	0	0	0	0
rs146887376	0	0	0	0	0
rs1469149	0	0	0	0	2
rs1469274	0	0	0	0	0
rs147010190	0	0	0	0	0
rs147012150	0	0	0	0	0
rs1470130	0	0	0	0	1
rs147033299	0	0	0	0	0
rs147045211	0	0	0	0	0
rs147092967	0	0	0	0	0
rs147115296	0	0	0	0	0
rs147199485	0	0	0	0	0
rs1472018	0	0	0	0	0
rs147257894	0	0	0	0	1
rs147273397	0	0	0	0	0
rs1472873	0	0	0	0	0
rs147292175	0	0	0	0	0
rs1473148	0	0	0	0	0
rs147406223	0	0	0	0	0
rs147489604	0	0	0	0	0
rs147506135	0	0	0	0	0
rs147511435	0	0	0	0	0
rs147517468	0	0	0	0	0
rs147534478	0	0	0	0	0
rs147541471	0	0	0	0	0
rs147556494	0	0	0	0	0
rs147627011	0	0	0	0	0
rs147646391	0	0	0	0	0
rs147646817	0	0	0	0	0
rs147716854	0	0	0	0	0
rs147729883	0	0	0	0	0
rs147758986	0	0	0	0	0
rs147920828	0	0	0	0	0
rs147950041	0	0	0	0	0
rs147958482	0	0	0	0	0
rs147997844	0	0	0	0	0
rs148011243	0	0	0	0	0
rs148026388	0	0	0	0	0
rs148055943	0	0	0	0	0
rs148124852	0	0	0	0	0
rs148167570	0	0	0	0	1
rs148210035	0	0	0	0	0
rs148230832	0	0	0	0	0
rs148233305	0	0	0	0	0
rs148259601	0	0	0	0	0
rs148281027	0	0	0	0	0
rs148300825	0	0	0	0	0
rs148390070	0	0	0	0	0
rs148433266	0	0	0	0	0
rs148438016	0	0	0	0	0
rs148458260	0	0	0	0	0
rs148475279	0	0	0	0	0
rs148525829	0	0	0	0	2
rs148534933	0	0	0	0	0
rs148540745	0	0	0	0	0
rs148557087	0	0	0	0	0
rs148557641	0	0	0	0	0
rs148579983	0	0	0	0	0
rs148632385	0	0	0	0	0
rs148648111	0	0	0	0	0
rs148666231	0	0	0	0	1
rs148677220	0	0	0	0	0
rs148700043	0	0	0	0	0
rs148701059	0	0	0	0	0
rs148790422	0	0	0	0	1
rs148852783	0	0	0	0	0
rs148857181	0	0	0	0	0
rs148917712	0	0	0	0	0
rs1489501	0	0	0	0	0
rs1489502	0	0	0	0	0
rs1489506	0	0	0	0	0
rs1489518	0	0	0	0	0
rs1489519	0	0	0	0	0
rs1489520	0	0	0	0	0
rs1489522	0	0	0	0	0
rs1489523	0	0	0	0	0
rs148961147	0	0	0	0	0
rs148984845	0	0	0	0	0
rs149018620	0	0	0	0	0
rs149054570	0	0	0	0	0
rs149100018	0	0	0	0	0
rs149129195	0	0	0	0	0
rs149140658	0	0	0	0	0
rs149176483	0	0	0	0	1
rs149194435	0	0	0	0	0
rs149297069	0	0	0	0	0
rs149313	0	0	0	0	2
rs1494547	0	0	0	0	0
rs149469183	0	0	0	0	1
rs149470162	0	0	0	0	0
rs149598695	0	0	0	0	0
rs149602575	0	0	0	0	0
rs149676615	0	0	0	0	0
rs149714469	0	0	0	0	0
rs149734680	0	0	0	0	0
rs149844871	0	0	0	0	0
rs149859771	0	0	0	0	0
rs149915837	0	0	0	0	0
rs149926470	0	0	0	0	0
rs149990931	0	0	0	0	0
rs150010206	0	0	0	0	0
rs150016868	0	0	0	0	0
rs150063417	0	0	0	0	0
rs150127839	0	0	0	0	0
rs150132929	0	0	0	0	0
rs150155381	0	0	0	0	0
rs150164772	0	0	0	0	0
rs150203643	0	0	0	0	0
rs150255317	0	0	0	0	0
rs150283650	0	0	0	0	2
rs150292895	0	0	0	0	0
rs150345347	0	0	0	0	0
rs150431200	0	0	0	0	0
rs150572911	0	0	0	0	0
rs150591924	0	0	0	0	0
rs150642083	0	0	0	0	0
rs150749415	0	0	0	0	0
rs150751360	0	0	0	0	1
rs150758511	0	0	0	0	0
rs150761816	0	0	0	0	0
rs150828160	0	0	0	0	0
rs150832450	0	0	0	0	0
rs150939435	0	0	0	0	0
rs150943944	0	0	0	0	0
rs150944730	0	0	0	0	0
rs150975052	0	0	0	0	0
rs151177116	0	0	0	0	0
rs151307135	0	0	0	0	0
rs151828	0	0	0	0	2
rs151829	0	0	0	0	2
rs151830	0	0	0	0	2
rs152815	0	0	0	0	2
rs1545040	0	0	0	0	0
rs1548447	0	0	0	0	0
rs1550291	0	0	0	0	0
rs1552582	0	0	0	0	0
rs1560656	0	0	0	0	2
rs1567487	0	0	0	0	2
rs1567488	0	0	0	0	0
rs1574252	0	0	0	0	0
rs1580092	0	0	0	0	0
rs1585958	0	0	0	0	0
rs1586492	0	0	0	0	1
rs1586604	0	0	0	0	0
rs1586605	0	0	0	0	0
rs1586607	0	0	0	0	0
rs1597651	0	0	0	0	0
rs1601816	0	0	0	0	1
rs1603135	0	0	0	0	0
rs1605581	0	0	0	0	1
rs1605627	0	0	0	0	0
rs16824543	0	0	0	0	2
rs16859471	0	0	0	0	0
rs16859557	0	0	0	0	0
rs16859566	0	0	0	0	0
rs16859567	0	0	0	0	0
rs16859569	0	0	0	0	0
rs16859572	0	0	0	0	0
rs16859578	0	0	0	0	0
rs16859580	0	0	0	0	0
rs16859581	0	0	0	0	0
rs16859582	0	0	0	0	0
rs16859585	0	0	0	0	0
rs16859597	0	0	0	0	0
rs16859643	0	0	0	0	0
rs16859645	0	0	0	0	0
rs16860299	0	0	0	0	0
rs16860300	0	0	0	0	0
rs16860303	0	0	0	0	0
rs16860308	0	0	0	0	0
rs16868821	0	0	0	0	0
rs16883590	0	0	0	0	1
rs16883637	0	0	0	0	1
rs16883682	0	0	0	0	1
rs16883779	0	0	0	0	1
rs16883783	0	0	0	0	1
rs16883794	0	0	0	0	1
rs16883937	0	0	0	0	1
rs16883939	0	0	0	0	1
rs16883940	0	0	0	0	1
rs16883945	0	0	0	0	1
rs16883962	0	0	0	0	1
rs16904315	1	0	0	0	0
rs16904319	0	0	0	0	0
rs16908212	0	0	0	0	0
rs16908219	0	0	0	0	0
rs16908227	0	0	0	0	0
rs16908233	0	0	0	0	0
rs16915206	0	0	0	0	0
rs16920545	0	0	0	0	0
rs16920605	0	0	0	0	0
rs16920681	0	0	0	0	0
rs16920696	0	0	0	0	0
rs16928442	0	0	0	0	0
rs16942650	0	0	0	0	1
rs16962422	0	0	0	0	0
rs16997784	0	0	0	0	1
rs17006637	0	0	0	0	0
rs17032013	0	0	0	0	0
rs17036707	0	0	0	0	0
rs17036710	0	0	0	0	0
rs17041437	0	0	0	0	0
rs17041443	0	0	0	0	0
rs17043970	0	0	0	0	0
rs17052058	0	0	0	0	2
rs17052061	0	0	0	0	2
rs17052068	0	0	0	0	2
rs17055400	0	0	0	0	0
rs17146301	0	0	0	0	0
rs17158243	0	0	0	0	0
rs17166937	2	0	0	0	0
rs17166948	0	0	0	0	0
rs17179228	0	0	0	0	0
rs17207828	0	0	0	0	2
rs17207870	0	0	0	0	2
rs17243005	0	0	0	0	0
rs17295403	0	0	0	0	0
rs17324153	0	0	0	0	0
rs17328054	0	0	0	0	0
rs17329424	0	0	0	0	0
rs17387444	0	0	0	0	0
rs17447909	0	0	0	0	0
rs17504587	0	0	0	0	0
rs17572292	0	0	0	0	0
rs17634864	0	0	0	0	0
rs17684468	0	0	0	0	0
rs17684480	0	0	0	0	0
rs17692409	0	0	0	0	0
rs17695276	0	0	0	0	0
rs17703817	0	0	0	0	0
rs17739439	0	0	0	0	0
rs17763827	0	0	0	0	2
rs17763887	0	0	0	0	2
rs17769417	0	0	0	0	2
rs17784244	0	0	0	0	0
rs17784262	0	0	0	0	0
rs1779442	0	0	0	0	0
rs17798680	2	0.5	0	2	0
rs17839759	0	0	0	0	0
rs17878708	1	0.5	0	5	2
rs17879472	0	0	0	0	0
rs1789619	0	0	0	0	0
rs1807544	0	0	0	0	1
rs1807545	0	0	0	0	1
rs1807546	0	0	0	0	1
rs180770182	0	0	0	0	0
rs180846308	0	0	0	0	0
rs1808591	0	0	0	0	0
rs180909684	0	0	0	0	0
rs180916209	0	0	0	0	0
rs181037364	0	0	0	0	0
rs181154418	0	0	0	0	0
rs181256919	0	0	0	0	0
rs181614875	0	0	0	0	0
rs1820403	0	0	0	0	0
rs182049541	0	0	0	0	0
rs1820959	0	0	0	0	0
rs182245737	0	0	0	0	0
rs1825103	0	0	0	0	0
rs182516337	0	0	0	0	0
rs1826052	0	0	0	0	0
rs1826053	0	0	0	0	0
rs182663519	0	0	0	0	0
rs1826697	0	0	0	0	0
rs182798066	0	0	0	0	0
rs182957551	0	0	0	0	0
rs182980916	0	0	0	0	0
rs183031949	0	0	0	0	0
rs183055947	0	0	0	0	0
rs183129197	0	0	0	0	0
rs183172695	0	0	0	0	0
rs183215823	0	0	0	0	0
rs183254412	0	0	0	0	0
rs183347579	0	0	0	0	0
rs183533198	0	0	0	0	0
rs1835392	0	0	0	0	0
rs1835394	0	0	0	0	0
rs1835395	0	0	0	0	0
rs1835396	0	0	0	0	0
rs1835398	0	0	0	0	0
rs1835399	0	0	0	0	0
rs1835400	0	0	0	0	0
rs183617988	0	0	0	0	1
rs183635135	0	0	0	0	0
rs183651898	0	0	0	0	0
rs183725651	0	0	0	0	0
rs183873860	0	0	0	0	0
rs184153931	0	0	0	0	0
rs184223086	0	0	0	0	0
rs1845480	0	0	0	0	0
rs184679207	0	0	0	0	0
rs184710548	0	0	0	0	0
rs184753207	0	0	0	0	0
rs184803641	0	0	0	0	0
rs184923401	0	0	0	0	0
rs1849888	0	0	0	0	0
rs185221035	0	0	0	0	0
rs185244356	0	0	0	0	0
rs185336149	0	0	0	0	0
rs185350368	0	0	0	0	0
rs185386870	0	0	0	0	0
rs185431602	0	0	0	0	0
rs185561613	0	0	0	0	0
rs185614207	0	0	0	0	0
rs185792675	0	0	0	0	0
rs185925123	0	0	0	0	0
rs186169334	0	0	0	0	0
rs186445522	0	0	0	0	0
rs1866756	0	0	0	0	0
rs186861013	0	0	0	0	0
rs186961110	0	0	0	0	0
rs187028847	0	0	0	0	0
rs187039513	0	0	0	0	0
rs1872922	0	0	0	0	1
rs1877342	0	0	0	0	0
rs188020802	0	0	0	0	0
rs188037748	0	0	0	0	0
rs1882304	0	0	0	0	0
rs1882305	0	0	0	0	0
rs1882307	0	0	0	0	0
rs1882308	0	0	0	0	0
rs188236899	0	0	0	0	0
rs1884455	0	0	0	0	2
rs188732523	0	0	0	0	0
rs188972837	0	0	0	0	0
rs189269809	0	0	0	0	0
rs1894113	0	0	0	0	2
rs1894114	0	0	0	0	2
rs1894115	0	0	0	0	2
rs189411937	0	0	0	0	0
rs1894411	0	0	0	0	1
rs189483589	0	0	0	0	0
rs189865352	0	0	0	0	0
rs1899157	0	0	0	0	0
rs190404486	0	0	0	0	0
rs190501935	0	0	0	0	0
rs190509656	0	0	0	0	0
rs190540475	0	0	0	0	0
rs190679295	0	0	0	0	0
rs1906839	0	0	0	0	0
rs1906841	0	0	0	0	0
rs1906842	0	0	0	0	0
rs1906843	0	0	0	0	0
rs1908427	0	0	0	0	0
rs190902193	0	0	0	0	0
rs190970895	0	0	0	0	0
rs191336156	0	0	0	0	0
rs191996396	0	0	0	0	0
rs192007055	0	0	0	0	0
rs192255778	0	0	0	0	0
rs192297333	0	0	0	0	0
rs192374368	0	0	0	0	0
rs192533090	0	0	0	0	0
rs193021846	0	0	0	0	0
rs193029527	0	0	0	0	0
rs193041540	0	0	0	0	0
rs1945564	0	0	0	0	0
rs1945565	0	0	0	0	0
rs1948211	0	0	0	0	0
rs1965852	0	0	0	0	0
rs1976878	0	0	0	0	0
rs1977904	0	0	0	0	0
rs1979622	0	0	0	0	0
rs1979623	0	0	0	0	0
rs1979624	0	0	0	0	0
rs1993066	0	0	0	0	0
rs1994547	0	0	0	0	0
rs1994548	0	0	0	0	0
rs1994549	0	0	0	0	0
rs199530074	0	0	0	0	0
rs199570485	0	0	0	0	0
rs199722909	0	0	0	0	0
rs199770026	0	0	0	0	0
rs199983395	0	0	0	0	0
rs200090251	0	0	0	0	0
rs200147351	0	0	0	0	0
rs200307222	0	0	0	0	0
rs200332842	0	0	0	0	0
rs200434117	0	0	0	0	0
rs200486355	0	0	0	0	0
rs200547834	0	0	0	0	1
rs200660235	0	0	0	0	0
rs200693671	0	0	0	0	0
rs200708185	0	0	0	0	0
rs200773450	0	0	0	0	0
rs200789151	0	0	0	0	0
rs2009641	0	0	0	0	0
rs200992081	0	0	0	0	0
rs201016338	0	0	0	0	0
rs201047802	0	0	0	0	0
rs2010767	0	0	0	0	1
rs201170210	0	0	0	0	0
rs2012599	0	0	0	0	1
rs201294202	0	0	0	0	0
rs201333851	0	0	0	0	0
rs201369491	0	0	0	0	0
rs201435236	0	0	0	0	0
rs201478390	0	0	0	0	0
rs201536355	0	0	0	0	0
rs201541054	0	0	0	0	0
rs201596489	0	0	0	0	0
rs201596699	0	0	0	0	0
rs2016575	0	0	0	0	2
rs201721193	0	0	0	0	0
rs201820750	0	0	0	0	0
rs201832027	1	0	0	0	0
rs2019194	0	0	0	0	0
rs201958814	0	0	0	0	0
rs201962675	0	0	0	0	0
rs201995125	0	0	0	0	0
rs202059248	0	0	0	0	0
rs202100866	0	0	0	0	0
rs202190312	0	0	0	0	0
rs2032059	0	0	0	0	0
rs2032466	0	0	0	0	0
rs2035731	0	0	0	0	0
rs2035732	0	0	0	0	0
rs2035733	0	0	0	0	0
rs2036290	0	0	0	0	1
rs2041336	0	0	0	0	0
rs2043271	0	0	0	0	2
rs2043272	0	0	0	0	2
rs2046615	0	0	0	0	0
rs2048408	0	0	0	0	0
rs2049908	0	0	0	0	1
rs2051206	0	0	0	0	1
rs2051207	0	0	0	0	1
rs2051208	0	0	0	0	1
rs2051209	0	0	0	0	0
rs2051210	0	0	0	0	1
rs2055007	0	0	0	0	0
rs2055730	0	0	0	0	0
rs2060222	0	0	0	0	2
rs2064639	0	0	0	0	1
rs2064640	0	0	0	0	1
rs2070485	0	0	0	0	1
rs2072713	0	0	0	0	1
rs2073714	0	0	0	0	1
rs2075724	0	0	0	0	1
rs2075725	0	0	0	0	1
rs2075726	0	0	0	0	1
rs2075727	0	0	0	0	0
rs2075940	0	0	0	0	1
rs2075941	0	0	0	0	1
rs2075942	0	0	0	0	1
rs2075943	0	0	0	0	1
rs2087434	0	0	0	0	0
rs2087435	0	0	0	0	0
rs2088107	0	0	0	0	0
rs2091653	0	0	0	0	0
rs2091729	0	0	0	0	0
rs2091730	0	0	0	0	0
rs2092870	0	0	0	0	1
rs2092920	0	0	0	0	2
rs2108450	0	0	0	0	2
rs2108811	0	0	0	0	0
rs2109343	0	0	0	0	0
rs2113717	0	0	0	0	0
rs2116789	0	0	0	0	2
rs2116891	0	0	0	0	0
rs2119269	0	0	0	0	1
rs2128349	0	0	0	0	0
rs2130231	0	0	0	0	0
rs2130232	0	0	0	0	0
rs2130234	0	0	0	0	0
rs2137794	0	0	0	0	0
rs2140524	0	0	0	0	0
rs2144686	0	0	0	0	2
rs2145504	0	0	0	0	0
rs2149131	0	0	0	0	0
rs2150814	0	0	0	0	0
rs2150815	0	0	0	0	0
rs2159607	0	0	0	0	1
rs2165302	0	0	0	0	0
rs2171731	0	0	0	0	0
rs2171732	0	0	0	0	0
rs2171733	0	0	0	0	0
rs2171734	0	0	0	0	0
rs2176801	0	0	0	0	0
rs2191299	0	0	0	0	0
rs2200670	0	0	0	0	1
rs2215360	0	0	0	0	0
rs2215362	0	0	0	0	0
rs2232342	0	0	0	0	0
rs2236631	0	0	0	0	1
rs2240525	0	0	0	0	2
rs2267344	0	0	0	0	0
rs2267346	0	0	0	0	0
rs2267347	0	0	0	0	0
rs2267348	0	0	0	0	0
rs2267351	0	0	0	0	0
rs2267359	0	0	0	0	0
rs2268139	0	0	0	0	0
rs2268160	0	0	0	0	0
rs2268161	0	0	0	0	0
rs2280038	0	0	0	0	0
rs2280976	0	0	0	0	1
rs2288824	0	0	0	0	2
rs2291364	0	0	0	0	0
rs2292325	0	0	0	0	0
rs2295362	0	0	0	0	2
rs2298420	1	0.5	0	0	1
rs2304618	0	0	0	0	0
rs2306950	0	0	0	0	0
rs2311364	0	0	0	0	0
rs2323960	0	0	0	0	0
rs2323961	0	0	0	0	0
rs2323963	0	0	0	0	0
rs2323965	0	0	0	0	0
rs2334254	0	0	0	0	0
rs2335640	0	0	0	0	2
rs2337104	0	0	0	0	0
rs2337109	0	0	0	0	0
rs2349794	0	0	0	0	0
rs2349795	0	0	0	0	0
rs2349796	0	0	0	0	0
rs2349798	0	0	0	0	0
rs2349799	0	0	0	0	0
rs2349800	0	0	0	0	0
rs2349801	0	0	0	0	0
rs2349802	0	0	0	0	0
rs2349803	0	0	0	0	0
rs2349804	0	0	0	0	0
rs2349805	0	0	0	0	0
rs2349806	0	0	0	0	0
rs2351465	0	0	0	0	2
rs2355162	0	0	0	0	0
rs2355163	0	0	0	0	0
rs2357328	0	0	0	0	0
rs2357329	0	0	0	0	0
rs2383180	0	0	0	0	0
rs2385488	0	0	0	0	0
rs2413430	0	0	0	0	0
rs2413431	0	0	0	0	1
rs2413432	0	0	0	0	1
rs2413433	0	0	0	0	1
rs2413435	0	0	0	0	1
rs2413436	0	0	0	0	1
rs2420148	0	0	0	0	1
rs2511293	0	0	0	0	2
rs2511295	0	0	0	0	2
rs2526303	0	0	0	0	1
rs2549012	0	0	0	0	2
rs2553764	0	0	0	0	0
rs2553769	0	0	0	0	0
rs2585846	0	0	0	0	0
rs2604526	0	0	0	0	2
rs2604527	0	0	0	0	2
rs2604533	0	0	0	0	2
rs2621320	0	0	0	0	1
rs2629806	0	0	0	0	0
rs2653877	0	0	0	0	1
rs2658047	0	0	0	0	0
rs2689615	0	0	0	0	0
rs2694705	0	0	0	0	0
rs2695154	0	0	0	0	0
rs2726905	0	0	0	0	0
rs2726924	0	0	0	0	0
rs2766119	0	0	0	0	0
rs2800316	0	0	0	0	0
rs28362024	0	0	0	0	0
rs2836845	0	0	0	0	1
rs2836847	1	0	0	0	0
rs28373680	0	0	0	0	0
rs28374426	0	0	0	0	0
rs28377427	0	0	0	0	0
rs28377912	0	0	0	0	0
rs28379208	0	0	0	0	0
rs28380347	0	0	0	0	0
rs28386864	0	0	0	0	0
rs28389469	0	0	0	0	0
rs28394155	0	0	0	0	0
rs28394188	0	0	0	0	0
rs28401414	0	0	0	0	0
rs28410333	0	0	0	0	0
rs28429264	0	0	0	0	0
rs28429467	0	0	0	0	0
rs28432885	0	0	0	0	0
rs28441985	0	0	0	0	0
rs28445086	0	0	0	0	0
rs28445175	0	0	0	0	0
rs28451398	0	0	0	0	0
rs28455640	0	0	0	0	0
rs28457080	0	0	0	0	0
rs2846848	0	0	0	0	2
rs2846849	0	0	0	0	2
rs2846857	0	0	0	0	2
rs2846858	3	0	2	5	2
rs28469346	0	0	0	0	0
rs28470858	0	0	0	0	1
rs28477825	0	0	0	0	0
rs28478253	0	0	0	0	0
rs28480068	0	0	0	0	0
rs28481563	0	0	0	0	2
rs28485781	0	0	0	0	0
rs28489184	0	0	0	0	0
rs2850751	0	0	0	0	0
rs2850752	0	0	0	0	0
rs28510153	0	0	0	0	0
rs28515595	0	0	0	0	0
rs28516011	0	0	0	0	0
rs28522721	0	0	0	0	0
rs28524687	0	0	0	0	0
rs28524690	0	0	0	0	0
rs28526430	0	0	0	0	0
rs28527777	0	0	0	0	0
rs2852879	0	0	0	0	2
rs2852880	0	0	0	0	2
rs2852881	1	0	1	5	2
rs2852882	0	0	0	0	2
rs2852891	0	0	0	0	2
rs28531873	0	0	0	0	2
rs28533102	0	0	0	0	0
rs28536632	0	0	0	0	0
rs28540076	0	0	0	0	0
rs28542413	0	0	0	0	0
rs28544952	0	0	0	0	2
rs28548673	0	0	0	0	0
rs28548975	0	0	0	0	0
rs28553872	0	0	0	0	0
rs28555560	0	0	0	0	0
rs28561765	0	0	0	0	0
rs28566046	0	0	0	0	0
rs28567973	0	0	0	0	0
rs28568812	0	0	0	0	0
rs2857107	0	0	0	0	1
rs28581212	0	0	0	0	0
rs28581745	0	0	0	0	0
rs28581776	0	0	0	0	2
rs28585671	0	0	0	0	0
rs28586981	0	0	0	0	0
rs28589446	0	0	0	0	0
rs28592151	0	0	0	0	1
rs28592733	0	0	0	0	0
rs28592804	0	0	0	0	0
rs28599594	0	0	0	0	0
rs28619310	0	0	0	0	0
rs28622894	0	0	0	0	2
rs28626368	0	0	0	0	0
rs28627561	0	0	0	0	0
rs28629880	0	0	0	0	1
rs28633659	0	0	0	0	2
rs28634421	0	0	0	0	2
rs28649839	0	0	0	0	1
rs28654339	0	0	0	0	0
rs28664020	0	0	0	0	0
rs28664223	0	0	0	0	0
rs28664876	0	0	0	0	0
rs28665512	0	0	0	0	0
rs28676703	0	0	0	0	0
rs28678274	0	0	0	0	0
rs28680721	0	0	0	0	2
rs28683145	0	0	0	0	0
rs28688468	0	0	0	0	0
rs28692556	0	0	0	0	2
rs2869452	0	0	0	0	0
rs2869454	0	0	0	0	0
rs2869455	0	0	0	0	0
rs28698355	0	0	0	0	0
rs28698526	0	0	0	0	0
rs28701627	0	0	0	0	0
rs28703175	0	0	0	0	0
rs28706999	0	0	0	0	2
rs28710181	0	0	0	0	2
rs28712599	0	0	0	0	0
rs28718884	0	0	0	0	0
rs28758411	0	0	0	0	0
rs28789668	0	0	0	0	0
rs28791775	0	0	0	0	0
rs28815309	0	0	0	0	0
rs2882667	0	0	0	0	2
rs2882792	0	0	0	0	2
rs28831089	0	0	0	0	0
rs28847162	0	0	0	0	0
rs28849178	0	0	0	0	0
rs28858385	0	0	0	0	0
rs28868988	0	0	0	0	0
rs28892404	0	0	0	0	0
rs28970306	0	0	0	0	0
rs2899268	0	0	0	0	0
rs2899276	0	0	0	0	1
rs2901003	0	0	0	0	0
rs2938021	0	0	0	0	0
rs2941772	0	0	0	0	0
rs2948949	0	0	0	0	0
rs2963461	0	0	0	0	0
rs2970532	0	0	0	0	0
rs300894	0	0	0	0	1
rs300896	0	0	0	0	1
rs300897	0	0	0	0	1
rs300898	0	0	0	0	1
rs300899	0	0	0	0	1
rs300901	0	0	0	0	1
rs300902	0	0	0	0	1
rs300903	0	0	0	0	1
rs300913	0	0	0	0	1
rs300914	0	0	0	0	1
rs300915	1	0	0	2	1
rs300917	0	0	0	0	1
rs300921	0	0	0	0	1
rs300924	0	0	0	0	1
rs300925	0	0	0	0	1
rs300927	0	0	0	0	1
rs300929	0	0	0	0	1
rs300938	0	0	0	0	1
rs300939	0	0	0	0	1
rs300940	0	0	0	0	1
rs300941	0	0	0	0	1
rs300943	0	0	0	0	1
rs300946	0	0	0	0	1
rs300947	0	0	0	0	1
rs300949	0	0	0	0	1
rs300951	0	0	0	0	1
rs300953	0	0	0	0	1
rs3097844	0	0	0	0	0
rs31251	0	0	0	0	2
rs3132831	0	0	0	0	2
rs32108	0	0	0	0	2
rs33918938	0	0	0	0	0
rs33919539	0	0	0	0	2
rs34005483	0	0	0	0	0
rs34012805	0	0	0	0	0
rs34033529	0	0	0	0	2
rs34043027	0	0	0	0	1
rs34057717	0	0	0	0	0
rs34057993	0	0	0	0	0
rs34062689	0	0	0	0	0
rs34098271	0	0	0	0	0
rs34145865	0	0	0	0	0
rs34149436	0	0	0	0	0
rs34163845	0	0	0	0	0
rs34168479	0	0	0	0	1
rs34180127	0	0	0	0	0
rs34185123	0	0	0	0	2
rs34190422	0	0	0	0	0
rs34212535	0	0	0	0	0
rs34214307	0	0	0	0	0
rs34215901	0	0	0	0	2
rs34228663	0	0	0	0	0
rs34230450	0	0	0	0	0
rs34238085	0	0	0	0	2
rs34261027	0	0	0	0	2
rs34265556	0	0	0	0	0
rs34280947	0	0	0	0	0
rs34282097	0	0	0	0	0
rs34327322	0	0	0	0	0
rs34329648	0	0	0	0	2
rs34331372	0	0	0	0	0
rs34339255	0	0	0	0	0
rs34342939	0	0	0	0	1
rs34343397	0	0	0	0	0
rs34347220	0	0	0	0	0
rs34355561	0	0	0	0	2
rs34366814	0	0	0	0	0
rs34370271	0	0	0	0	0
rs34393998	0	0	0	0	0
rs34395396	0	0	0	0	0
rs34397130	0	0	0	0	0
rs34413211	0	0	0	0	0
rs34420254	0	0	0	0	2
rs34432177	0	0	0	0	0
rs34433145	0	0	0	0	1
rs34434562	0	0	0	0	0
rs34438813	0	0	0	0	0
rs34456356	0	0	0	0	0
rs34467920	0	0	0	0	0
rs34498353	2	0	0	2	1
rs34504481	0	0	0	0	0
rs34510997	0	0	0	0	0
rs34513278	0	0	0	0	0
rs34523877	0	0	0	0	2
rs34545719	0	0	0	0	0
rs34553082	0	0	0	0	2
rs34581388	0	0	0	0	1
rs34583530	0	0	0	0	0
rs34596107	0	0	0	0	0
rs34612875	0	0	0	0	0
rs34616858	0	0	0	0	1
rs34619519	0	0	0	0	1
rs34640454	0	0	0	0	0
rs34654101	0	0	0	0	0
rs34664017	0	0	0	0	1
rs34694205	0	0	0	0	0
rs34702359	0	0	0	0	0
rs34717435	0	0	0	0	0
rs34762015	0	0	0	0	2
rs34779143	0	0	0	0	0
rs34779190	0	0	0	0	0
rs34796816	0	0	0	0	0
rs34799878	0	0	0	0	0
rs34820160	0	0	0	0	0
rs34846849	0	0	0	0	2
rs34858839	0	0	0	0	0
rs34886276	0	0	0	0	1
rs34886560	0	0	0	0	0
rs34908451	0	0	0	0	2
rs34916499	0	0	0	0	0
rs34963427	0	0	0	0	0
rs34969418	0	0	0	0	0
rs34970927	0	0	0	0	0
rs34990724	0	0	0	0	1
rs34992950	0	0	0	0	1
rs34999582	0	0	0	0	0
rs35022648	0	0	0	0	0
rs35048101	0	0	0	0	0
rs35062394	0	0	0	0	0
rs35070577	0	0	0	0	0
rs35071131	0	0	0	0	0
rs35073327	0	0	0	0	0
rs35074969	0	0	0	0	0
rs35083655	0	0	0	0	0
rs35084359	0	0	0	0	0
rs35102966	0	0	0	0	2
rs35116888	0	0	0	0	0
rs35133416	0	0	0	0	2
rs35145620	0	0	0	0	0
rs35149731	0	0	0	0	2
rs35175880	0	0	0	0	0
rs35177399	0	0	0	0	0
rs35212800	0	0	0	0	0
rs352143	0	0	0	0	2
rs35219902	0	0	0	0	0
rs35259719	0	0	0	0	0
rs35265026	0	0	0	0	0
rs35312795	0	0	0	0	0
rs35318134	0	0	0	0	0
rs35326143	0	0	0	0	0
rs35333419	0	0	0	0	0
rs35354550	0	0	0	0	0
rs35369222	0	0	0	0	0
rs35374785	0	0	0	0	0
rs35381563	0	0	0	0	1
rs35381613	0	0	0	0	0
rs35384920	0	0	0	0	0
rs35390173	0	0	0	0	0
rs35403253	0	0	0	0	2
rs35411513	0	0	0	0	0
rs35417365	0	0	0	0	0
rs35420162	0	0	0	0	0
rs35433930	0	0	0	0	0
rs35438894	0	0	0	0	0
rs35478274	0	0	0	0	0
rs35495221	0	0	0	0	0
rs35552526	0	0	0	0	0
rs35561969	0	0	0	0	0
rs35600259	0	0	0	0	1
rs35601687	0	0	0	0	0
rs35608537	0	0	0	0	0
rs35609149	0	0	0	0	0
rs35612369	0	0	0	0	2
rs35620895	0	0	0	0	0
rs35629252	0	0	0	0	1
rs35654841	0	0	0	0	0
rs35662093	0	0	0	0	0
rs35664173	0	0	0	0	0
rs35664665	0	0	0	0	0
rs35668200	0	0	0	0	0
rs35670473	0	0	0	0	0
rs35673593	0	0	0	0	0
rs35687939	0	0	0	0	0
rs35718555	0	0	0	0	0
rs35732875	0	0	0	0	0
rs35737215	0	0	0	0	0
rs35743398	0	0	0	0	0
rs35757848	0	0	0	0	1
rs35760504	0	0	0	0	0
rs35784002	0	0	0	0	0
rs35790667	0	0	0	0	0
rs35812969	0	0	0	0	2
rs35818379	0	0	0	0	0
rs35818626	0	0	0	0	2
rs35828495	0	0	0	0	2
rs35832916	0	0	0	0	1
rs35853510	0	0	0	0	2
rs35860312	0	0	0	0	2
rs35882150	0	0	0	0	0
rs35899899	0	0	0	0	1
rs35911504	0	0	0	0	0
rs35931383	0	0	0	0	0
rs35941563	0	0	0	0	0
rs35963149	0	0	0	0	0
rs35967517	0	0	0	0	0
rs35971764	0	0	0	0	0
rs36002037	0	0	0	0	0
rs36010744	0	0	0	0	0
rs36018191	0	0	0	0	1
rs36055753	0	0	0	0	0
rs36057706	0	0	0	0	0
rs36073710	0	0	0	0	0
rs36123777	0	0	0	0	0
rs36128459	0	0	0	0	0
rs36133115	0	0	0	0	2
rs36169934	0	0	0	0	0
rs36213884	0	0	0	0	1
rs366912	0	0	0	0	0
rs367676436	0	0	0	0	0
rs367709210	0	0	0	0	0
rs368328914	0	0	0	0	0
rs368380875	0	0	0	0	0
rs368585099	0	0	0	0	0
rs368819008	0	0	0	0	0
rs369042373	0	0	0	0	0
rs369114978	0	0	0	0	0
rs369178374	0	0	0	0	0
rs369549997	0	0	0	0	0
rs369587177	0	0	0	0	0
rs370547181	0	0	0	0	1
rs371144525	0	0	0	0	0
rs371906536	0	0	0	0	2
rs372049270	0	0	0	0	0
rs373246132	0	0	0	0	0
rs3733416	0	0	0	0	0
rs3734696	0	0	0	0	1
rs3734697	0	0	0	0	1
rs373687561	0	0	0	0	1
rs374064168	0	0	0	0	0
rs374506895	0	0	0	0	0
rs3745816	0	0	0	0	0
rs374641749	0	0	0	0	0
rs3749665	0	0	0	0	2
rs375135276	0	0	0	0	0
rs3752819	0	0	0	0	2
rs3755059	0	0	0	0	2
rs3755061	0	0	0	0	0
rs375516342	0	0	0	0	0
rs3756295	0	0	0	0	2
rs375741793	0	0	0	0	0
rs377232756	0	0	0	0	0
rs3782188	0	0	0	0	0
rs3786825	0	0	0	0	0
rs3792652	1	0	0	0	0
rs3792655	0	0	0	0	0
rs3796343	0	0	0	0	2
rs3805246	0	0	0	0	0
rs3805247	0	0	0	0	0
rs3805249	0	0	0	0	0
rs3805254	0	0	0	0	0
rs3805257	0	0	0	0	0
rs3828512	0	0	0	0	1
rs3828513	2	0	0	0	0
rs3835823	0	0	0	0	0
rs3838354	0	0	0	0	0
rs3838637	0	0	0	0	1
rs3852206	0	0	0	0	2
rs3887835	0	0	0	0	0
rs390384	0	0	0	0	0
rs390802	0	0	0	0	2
rs3924857	0	0	0	0	0
rs3924858	0	0	0	0	0
rs3925110	0	0	0	0	2
rs3934715	0	0	0	0	0
rs3935061	0	0	0	0	0
rs3935062	0	0	0	0	0
rs3935431	0	0	0	0	0
rs3935983	0	0	0	0	0
rs3967098	0	0	0	0	1
rs3968640	0	0	0	0	0
rs4057975	0	0	0	0	0
rs4073052	0	0	0	0	0
rs4073053	0	0	0	0	0
rs4073651	0	0	0	0	0
rs4075100	0	0	0	0	0
rs4075101	0	0	0	0	0
rs4075102	0	0	0	0	0
rs4075103	0	0	0	0	0
rs4075756	0	0	0	0	0
rs4076044	0	0	0	0	0
rs4076661	0	0	0	0	0
rs4104018	0	0	0	0	0
rs41266979	0	0	0	0	0
rs41268741	0	0	0	0	0
rs41268743	0	0	0	0	0
rs41270147	0	0	0	0	0
rs41277649	0	0	0	0	1
rs41284209	0	0	0	0	2
rs41285115	0	0	0	0	2
rs41287449	0	0	0	0	2
rs41294683	0	0	0	0	0
rs4131029	0	0	0	0	1
rs41310342	0	0	0	0	0
rs41310889	0	0	0	0	0
rs41315326	0	0	0	0	2
rs41317525	0	0	0	0	1
rs4132266	0	0	0	0	1
rs4132419	0	0	0	0	0
rs41355847	0	0	0	0	0
rs41385846	0	0	0	0	0
rs41391056	0	0	0	0	0
rs41437547	0	0	0	0	0
rs41470045	0	0	0	0	0
rs41527449	0	0	0	0	0
rs4234228	0	0	0	0	0
rs4234886	0	0	0	0	1
rs4234887	0	0	0	0	1
rs4239882	0	0	0	0	1
rs4244231	0	0	0	0	0
rs4244233	0	0	0	0	0
rs4255086	0	0	0	0	0
rs4256549	0	0	0	0	0
rs4260853	0	0	0	0	0
rs4268079	0	0	0	0	0
rs4268080	0	0	0	0	0
rs4269482	0	0	0	0	0
rs4270911	0	0	0	0	0
rs4270912	0	0	0	0	0
rs4270913	0	0	0	0	0
rs4272328	0	0	0	0	0
rs4273799	0	0	0	0	0
rs4276634	0	0	0	0	0
rs4281074	0	0	0	0	0
rs4282517	0	0	0	0	0
rs4284000	0	0	0	0	0
rs4285433	0	0	0	0	0
rs4288324	0	0	0	0	0
rs4288325	0	0	0	0	0
rs4289754	0	0	0	0	0
rs4290631	0	0	0	0	0
rs4290853	0	0	0	0	1
rs4291221	0	0	0	0	0
rs4292635	0	0	0	0	0
rs4292637	0	0	0	0	0
rs4296994	0	0	0	0	0
rs4304291	0	0	0	0	0
rs4305365	0	0	0	0	0
rs4309455	0	0	0	0	0
rs4312712	0	0	0	0	1
rs4318600	0	0	0	0	1
rs4323054	0	0	0	0	1
rs4323055	0	0	0	0	1
rs4323424	0	0	0	0	0
rs4326333	0	0	0	0	0
rs4328171	0	0	0	0	0
rs4335493	0	0	0	0	0
rs4336559	0	0	0	0	0
rs4336988	0	0	0	0	0
rs4337112	0	0	0	0	0
rs4337690	0	0	0	0	1
rs4346309	0	0	0	0	0
rs4346486	0	0	0	0	1
rs4352793	0	0	0	0	0
rs4353231	0	0	0	0	0
rs4356326	0	0	0	0	0
rs4357241	0	0	0	0	0
rs4357242	0	0	0	0	0
rs4357773	0	0	0	0	0
rs4359162	0	0	0	0	0
rs4363548	0	0	0	0	0
rs4369848	0	0	0	0	0
rs4380651	0	0	0	0	2
rs4389191	0	0	0	0	0
rs4399419	0	0	0	0	0
rs4399716	0	0	0	0	0
rs4404870	0	0	0	0	0
rs4407450	0	0	0	0	1
rs4407827	0	0	0	0	0
rs4407828	0	0	0	0	0
rs4414177	0	0	0	0	0
rs4415266	0	0	0	0	0
rs4423717	0	0	0	0	0
rs4426200	0	0	0	0	0
rs4426207	0	0	0	0	0
rs4431852	0	0	0	0	0
rs4432090	0	0	0	0	0
rs4433093	0	0	0	0	0
rs4434497	0	0	0	0	0
rs4436620	0	0	0	0	0
rs4437064	0	0	0	0	1
rs4437600	0	0	0	0	0
rs4443612	0	0	0	0	0
rs4443613	0	0	0	0	0
rs4445998	0	0	0	0	0
rs4448219	0	0	0	0	0
rs4449737	0	0	0	0	0
rs4451255	0	0	0	0	0
rs4451256	0	0	0	0	0
rs4456628	0	0	0	0	0
rs4459050	0	0	0	0	2
rs4460326	0	0	0	0	0
rs4460327	0	0	0	0	0
rs4460769	0	0	0	0	0
rs4460770	0	0	0	0	0
rs4461474	0	0	0	0	1
rs4461853	0	0	0	0	0
rs4462456	0	0	0	0	1
rs4466782	0	0	0	0	0
rs4467893	0	0	0	0	0
rs4467894	0	0	0	0	0
rs4469402	0	0	0	0	0
rs4469842	0	0	0	0	0
rs4478520	0	0	0	0	0
rs4482596	0	0	0	0	1
rs4483096	0	0	0	0	0
rs4492325	0	0	0	0	0
rs4496917	0	0	0	0	0
rs4502634	0	0	0	0	1
rs4511955	0	0	0	0	1
rs4513514	0	0	0	0	1
rs4515923	0	0	0	0	0
rs4519715	0	0	0	0	0
rs4524741	0	0	0	0	0
rs4529410	0	0	0	0	0
rs4536165	0	0	0	0	0
rs4536166	0	0	0	0	0
rs4537561	0	0	0	0	0
rs4538604	0	0	0	0	2
rs4541235	0	0	0	0	0
rs4541847	0	0	0	0	0
rs4543492	0	0	0	0	0
rs4544668	0	0	0	0	1
rs45462594	0	0	0	0	0
rs45489198	0	0	0	0	2
rs45490996	0	0	0	0	0
rs4551289	0	0	0	0	0
rs4551290	0	0	0	0	0
rs45545735	0	0	0	0	0
rs4559190	0	0	0	0	0
rs4559289	0	0	0	0	1
rs4560745	0	0	0	0	0
rs4563450	0	0	0	0	1
rs4563839	0	0	0	0	0
rs4567238	0	0	0	0	0
rs4573504	0	0	0	0	0
rs4574353	0	0	0	0	1
rs4575356	0	0	0	0	0
rs4580805	0	0	0	0	0
rs4582112	0	0	0	0	1
rs4582800	0	0	0	0	0
rs4582801	0	0	0	0	0
rs4582802	0	0	0	0	0
rs4582803	0	0	0	0	0
rs4583564	0	0	0	0	1
rs4587687	0	0	0	0	0
rs4590827	0	0	0	0	0
rs4594668	0	0	0	0	1
rs4598208	0	0	0	0	0
rs4601262	0	0	0	0	0
rs4605222	0	0	0	0	0
rs4607559	0	0	0	0	0
rs4612633	0	0	0	0	0
rs4613944	0	0	0	0	0
rs4621757	0	0	0	0	0
rs4623355	0	0	0	0	0
rs4623993	0	0	0	0	0
rs4626148	0	0	0	0	1
rs4628095	0	0	0	0	1
rs4630998	0	0	0	0	1
rs4637346	0	0	0	0	1
rs4638059	0	0	0	0	0
rs4639465	0	0	0	0	0
rs4643949	0	0	0	0	2
rs4645517	0	0	0	0	0
rs4645518	0	0	0	0	0
rs4664917	0	0	0	0	0
rs4668516	0	0	0	0	0
rs4674397	0	0	0	0	2
rs4677051	0	0	0	0	0
rs4677052	0	0	0	0	0
rs4678598	0	0	0	0	1
rs4678599	0	0	0	0	1
rs4678634	0	0	0	0	0
rs4679027	0	0	0	0	1
rs4679029	0	0	0	0	1
rs4679030	0	0	0	0	1
rs4679031	0	0	0	0	1
rs4679032	0	0	0	0	1
rs4679033	0	0	0	0	1
rs4690715	0	0	0	0	1
rs4690769	0	0	0	0	1
rs4690771	0	0	0	0	1
rs4690773	0	0	0	0	1
rs4690775	0	0	0	0	1
rs4690777	0	0	0	0	1
rs4690778	0	0	0	0	1
rs4690779	0	0	0	0	1
rs4690781	0	0	0	0	1
rs4690783	0	0	0	0	0
rs4691443	0	0	0	0	0
rs470487	0	0	0	0	0
rs4705908	0	0	0	0	2
rs4706020	0	0	0	0	1
rs4706034	0	0	0	0	2
rs470627	0	0	0	0	0
rs470831	0	0	0	0	0
rs4711764	0	0	0	0	1
rs4711766	0	0	0	0	1
rs4714750	0	0	0	0	1
rs4714754	0	0	0	0	1
rs4714759	0	0	0	0	1
rs4714762	0	0	0	0	1
rs4718861	0	0	0	0	0
rs4724481	0	0	0	0	0
rs4763020	0	0	0	0	0
rs4763168	0	0	0	0	0
rs4763955	0	0	0	0	0
rs4763957	0	0	0	0	0
rs476417	0	0	0	0	0
rs4791025	0	0	0	0	0
rs4794492	0	0	0	0	0
rs4794493	0	0	0	0	0
rs4794494	0	0	0	0	0
rs4794496	0	0	0	0	0
rs4794498	0	0	0	0	0
rs4820244	0	0	0	0	0
rs4820261	0	0	0	0	1
rs4820262	0	0	0	0	0
rs4821511	0	0	0	0	0
rs4821512	0	0	0	0	0
rs4821513	0	0	0	0	0
rs4821514	0	0	0	0	0
rs4821516	0	0	0	0	0
rs4821559	0	0	0	0	1
rs4821560	0	0	0	0	1
rs4821561	0	0	0	0	1
rs4821565	0	0	0	0	1
rs4821566	0	0	0	0	1
rs4821567	0	0	0	0	1
rs4821568	0	0	0	0	1
rs4821569	0	0	0	0	1
rs4821570	0	0	0	0	0
rs4861905	0	0	0	0	0
rs486499	0	0	0	0	0
rs4906361	0	0	0	0	0
rs4906446	0	0	0	0	0
rs4906462	0	0	0	0	0
rs4907429	0	0	0	0	0
rs4907430	0	0	0	0	0
rs4917031	0	0	0	0	0
rs4917032	0	0	0	0	0
rs4917033	0	0	0	0	0
rs4917034	0	0	0	0	0
rs4917186	0	0	0	0	0
rs4917187	0	0	0	0	0
rs4917188	0	0	0	0	0
rs4917192	0	0	0	0	0
rs4917197	0	0	0	0	0
rs4922752	0	0	0	0	0
rs4923333	0	0	0	0	0
rs4923337	0	0	0	0	0
rs4923339	0	0	0	0	0
rs4932411	0	0	0	0	0
rs4932421	0	0	0	0	0
rs4939833	0	0	0	0	0
rs4939834	0	0	0	0	0
rs4945546	0	0	0	0	0
rs4946102	0	0	0	0	0
rs4946104	0	0	0	0	0
rs4946105	0	0	0	0	0
rs4955392	0	0	0	0	1
rs4955394	0	0	0	0	1
rs4955397	0	0	0	0	1
rs4955398	0	0	0	0	0
rs4955399	0	0	0	0	1
rs4955400	0	0	0	0	1
rs4955401	0	0	0	0	1
rs4955402	0	0	0	0	1
rs4955403	0	0	0	0	1
rs4955404	0	0	0	0	1
rs4955405	0	0	0	0	1
rs4955406	0	0	0	0	1
rs4955407	0	0	0	0	1
rs4961100	0	0	0	0	2
rs4963852	0	0	0	0	0
rs4963853	0	0	0	0	0
rs4963857	0	0	0	0	0
rs4977960	0	0	0	0	0
rs4988453	0	0	0	0	1
rs4988457	0	0	0	0	1
rs498946	0	0	0	0	2
rs5001284	0	0	0	0	0
rs5004391	0	0	0	0	0
rs5009336	0	0	0	0	0
rs5013170	0	0	0	0	0
rs5020761	0	0	0	0	0
rs504486	0	0	0	0	0
rs514433	0	0	0	0	0
rs518629	0	0	0	0	0
rs519619	0	0	0	0	0
rs521467	0	0	0	0	0
rs529853808	0	0	0	0	0
rs530158295	0	0	0	0	0
rs530317503	0	0	0	0	0
rs530349949	0	0	0	0	0
rs533380163	0	0	0	0	0
rs533473835	0	0	0	0	0
rs533512085	0	0	0	0	0
rs533964787	0	0	0	0	0
rs534745634	0	0	0	0	0
rs535319984	0	0	0	0	0
rs535491	0	0	0	0	0
rs535776637	0	0	0	0	0
rs535890770	0	0	0	0	0
rs537541382	0	0	0	0	0
rs537642	0	0	0	0	1
rs537726761	0	0	0	0	0
rs539024797	0	0	0	0	0
rs539320491	0	0	0	0	0
rs539678210	0	0	0	0	0
rs539916883	0	0	0	0	0
rs539974032	0	0	0	0	0
rs542445655	0	0	0	0	0
rs542555	0	0	0	0	1
rs542757554	0	0	0	0	0
rs543140483	0	0	0	0	0
rs543798	0	0	0	0	0
rs543976647	0	0	0	0	0
rs544867987	0	0	0	0	0
rs544984129	0	0	0	0	1
rs545130253	0	0	0	0	0
rs545170430	0	0	0	0	1
rs545451849	0	0	0	0	0
rs545936	0	0	0	0	0
rs546931315	0	0	0	0	0
rs546994225	0	0	0	0	0
rs547959527	0	0	0	0	0
rs548079938	0	0	0	0	0
rs548176051	0	0	0	0	0
rs548261	0	0	0	0	1
rs548396388	0	0	0	0	0
rs548696517	0	0	0	0	0
rs549542151	0	0	0	0	0
rs550252981	0	0	0	0	0
rs551020303	0	0	0	0	0
rs551795236	0	0	0	0	0
rs552398431	0	0	0	0	0
rs554020511	0	0	0	0	0
rs554340	0	0	0	0	0
rs556216623	0	0	0	0	0
rs55643926	0	0	0	0	0
rs55650316	0	0	0	0	2
rs55671347	0	0	0	0	0
rs55684806	0	0	0	0	1
rs55721240	0	0	0	0	2
rs55726681	0	0	0	0	0
rs55750852	0	0	0	0	0
rs557551675	0	0	0	0	0
rs55755226	0	0	0	0	0
rs55758499	0	0	0	0	0
rs55785351	0	0	0	0	0
rs55788779	0	0	0	0	1
rs55796619	0	0	0	0	0
rs55797552	0	0	0	0	1
rs55846038	0	0	0	0	0
rs55849080	0	0	0	0	0
rs55850236	0	0	0	0	0
rs55864375	0	0	0	0	0
rs55864391	0	0	0	0	0
rs55877298	0	0	0	0	0
rs55888727	0	0	0	0	1
rs55889728	0	0	0	0	0
rs55894236	0	0	0	0	0
rs55910511	0	0	0	0	0
rs55923125	0	0	0	0	0
rs55932361	0	0	0	0	1
rs559424923	0	0	0	0	0
rs55965068	0	0	0	0	2
rs559786048	0	0	0	0	0
rs55979601	0	0	0	0	0
rs55979835	0	0	0	0	1
rs55997317	0	0	0	0	2
rs56010350	0	0	0	0	0
rs56024196	0	0	0	0	0
rs56030777	3	0.5	0	2	1
rs56039725	0	0	0	0	1
rs56068416	0	0	0	0	0
rs56070219	0	0	0	0	0
rs560832137	0	0	0	0	0
rs560833079	0	0	0	0	0
rs56101131	0	0	0	0	0
rs56129125	0	0	0	0	0
rs561400569	0	0	0	0	0
rs56151501	0	0	0	0	0
rs561742607	0	0	0	0	0
rs56176518	0	0	0	0	0
rs56179100	0	0	0	0	0
rs56179594	0	0	0	0	0
rs56189357	0	0	0	0	0
rs56191832	0	0	0	0	0
rs56201321	0	0	0	0	0
rs56207533	0	0	0	0	0
rs56232074	0	0	0	0	1
rs562321668	0	0	0	0	0
rs56235551	0	0	0	0	0
rs56244272	0	0	0	0	0
rs56257634	0	0	0	0	0
rs56273473	0	0	0	0	0
rs562985623	0	0	0	0	1
rs56304861	0	0	0	0	0
rs56306962	0	0	0	0	0
rs56328659	0	0	0	0	1
rs56340415	0	0	0	0	0
rs56357549	0	0	0	0	2
rs56378223	0	0	0	0	1
rs56383717	0	0	0	0	2
rs56408739	0	0	0	0	0
rs56408843	0	0	0	0	1
rs56411610	0	0	0	0	1
rs565020	0	0	0	0	1
rs565180948	0	0	0	0	0
rs56665454	0	0	0	0	2
rs56704296	0	0	0	0	0
rs56704469	0	0	0	0	0
rs56727155	0	0	0	0	0
rs56735476	0	0	0	0	0
rs567794087	0	0	0	0	0
rs56783769	0	0	0	0	0
rs56809440	0	0	0	0	1
rs568113589	0	0	0	0	0
rs56841530	0	0	0	0	0
rs56856103	0	0	0	0	0
rs568627450	0	0	0	0	0
rs56904296	0	0	0	0	0
rs569224806	0	0	0	0	0
rs56943446	0	0	0	0	0
rs570491790	0	0	0	0	0
rs57057191	0	0	0	0	0
rs571356597	0	0	0	0	0
rs571440407	0	0	0	0	0
rs57161713	0	0	0	0	0
rs57172381	0	0	0	0	0
rs57177092	0	0	0	0	0
rs57188135	0	0	0	0	0
rs57194893	0	0	0	0	0
rs57195479	0	0	0	0	1
rs57195641	0	0	0	0	0
rs57214789	0	0	0	0	0
rs572354	0	0	0	0	0
rs57254237	0	0	0	0	0
rs57284816	0	0	0	0	0
rs57351227	0	0	0	0	0
rs57366553	0	0	0	0	0
rs57373104	0	0	0	0	1
rs57441156	0	0	0	0	2
rs574449920	0	0	0	0	0
rs57451910	0	0	0	0	0
rs57480440	0	0	0	0	0
rs57502864	0	0	0	0	0
rs5750333	0	0	0	0	1
rs5750338	0	0	0	0	1
rs5750339	0	0	0	0	1
rs575132274	0	0	0	0	0
rs57529483	0	0	0	0	0
rs57559064	0	0	0	0	0
rs5756260	0	0	0	0	0
rs5756261	0	0	0	0	0
rs5756270	0	0	0	0	0
rs5756399	0	0	0	0	1
rs5756400	0	0	0	0	1
rs5756401	0	0	0	0	1
rs5756405	0	0	0	0	1
rs5756407	0	0	0	0	1
rs5756408	0	0	0	0	1
rs57577747	0	0	0	0	1
rs57602055	0	0	0	0	0
rs57621062	0	0	0	0	0
rs576303092	0	0	0	0	0
rs57648744	0	0	0	0	0
rs57653807	0	0	0	0	0
rs57665972	0	0	0	0	0
rs57701775	0	0	0	0	0
rs577201832	0	0	0	0	0
rs5772055	0	0	0	0	2
rs57732135	0	0	0	0	0
rs57753464	0	0	0	0	1
rs57766644	0	0	0	0	0
rs57805427	0	0	0	0	0
rs57826009	0	0	0	0	0
rs5790557	0	0	0	0	0
rs5790558	0	0	0	0	0
rs57911115	0	0	0	0	1
rs57919591	0	0	0	0	1
rs57926946	0	0	0	0	1
rs57970315	0	0	0	0	0
rs57980332	0	0	0	0	0
rs57987486	0	0	0	0	0
rs57992724	0	0	0	0	0
rs58068316	0	0	0	0	0
rs58098738	0	0	0	0	1
rs58102296	0	0	0	0	0
rs58105882	0	0	0	0	0
rs58122126	0	0	0	0	0
rs58167253	0	0	0	0	0
rs58202926	0	0	0	0	0
rs58210747	0	0	0	0	0
rs58238761	0	0	0	0	0
rs58240059	0	0	0	0	2
rs58277500	0	0	0	0	2
rs58317831	0	0	0	0	0
rs58407942	0	0	0	0	0
rs58415613	0	0	0	0	0
rs58426866	0	0	0	0	0
rs58448369	0	0	0	0	0
rs58454149	0	0	0	0	0
rs5848406	0	0	0	0	0
rs58495908	0	0	0	0	0
rs58570254	0	0	0	0	0
rs58588637	0	0	0	0	0
rs58594838	0	0	0	0	0
rs5861473	0	0	0	0	0
rs58615789	0	0	0	0	0
rs58666157	0	0	0	0	0
rs58666910	0	0	0	0	0
rs58669726	0	0	0	0	0
rs58670130	0	0	0	0	1
rs58678275	0	0	0	0	1
rs58681392	0	0	0	0	0
rs58695430	0	0	0	0	1
rs58739884	0	0	0	0	0
rs58762200	0	0	0	0	1
rs587631427	0	0	0	0	0
rs58790349	0	0	0	0	0
rs58800887	0	0	0	0	0
rs58819089	0	0	0	0	1
rs58840193	0	0	0	0	0
rs5884069	0	0	0	0	0
rs5884072	0	0	0	0	0
rs5884077	0	0	0	0	0
rs5884078	0	0	0	0	0
rs5884079	0	0	0	0	0
rs58849487	0	0	0	0	0
rs58857750	0	0	0	0	1
rs58914637	0	0	0	0	0
rs58976884	0	0	0	0	2
rs59005861	0	0	0	0	0
rs59050830	0	0	0	0	0
rs59138690	0	0	0	0	1
rs591406	0	0	0	0	0
rs59162478	0	0	0	0	1
rs59170506	0	0	0	0	0
rs592349	0	0	0	0	1
rs59254696	0	0	0	0	1
rs59287866	0	0	0	0	0
rs59364166	0	0	0	0	0
rs59366576	0	0	0	0	0
rs594247	0	0	0	0	0
rs59435545	0	0	0	0	0
rs59493173	0	0	0	0	0
rs59500587	0	0	0	0	1
rs59500835	0	0	0	0	1
rs59509374	0	0	0	0	0
rs59527156	0	0	0	0	1
rs59547686	0	0	0	0	0
rs59612757	0	0	0	0	2
rs59671210	0	0	0	0	0
rs59679019	0	0	0	0	0
rs59691407	0	0	0	0	0
rs59758695	0	0	0	0	0
rs59759655	0	0	0	0	1
rs59806378	0	0	0	0	0
rs59815718	0	0	0	0	0
rs59833926	0	0	0	0	1
rs59840691	0	0	0	0	1
rs59878453	0	0	0	0	2
rs59956870	0	0	0	0	0
rs5996822	0	0	0	0	0
rs5996824	0	0	0	0	0
rs59994054	0	0	0	0	0
rs60092157	0	0	0	0	0
rs60107781	0	0	0	0	0
rs60110612	0	0	0	0	0
rs60135434	0	0	0	0	0
rs60185985	0	0	0	0	1
rs60209851	0	0	0	0	0
rs60210787	0	0	0	0	0
rs60213439	0	0	0	0	0
rs60255618	0	0	0	0	0
rs60261431	0	0	0	0	1
rs60266004	0	0	0	0	0
rs60266820	0	0	0	0	1
rs60297480	0	0	0	0	0
rs60336020	0	0	0	0	1
rs6041333	0	0	0	0	0
rs60414552	0	0	0	0	0
rs60492294	0	0	0	0	0
rs60547073	0	0	0	0	0
rs60557773	0	0	0	0	0
rs60609500	0	0	0	0	2
rs60624750	0	0	0	0	0
rs60633480	0	0	0	0	0
rs60669462	0	0	0	0	1
rs60716057	0	0	0	0	1
rs60819488	0	0	0	0	0
rs60828104	0	0	0	0	0
rs60832455	0	0	0	0	0
rs60907367	0	0	0	0	0
rs60910084	0	0	0	0	0
rs60914149	0	0	0	0	0
rs60945224	0	0	0	0	1
rs60978131	0	0	0	0	0
rs61016093	0	0	0	0	0
rs61018091	0	0	0	0	1
rs61048953	0	0	0	0	0
rs61067742	0	0	0	0	0
rs61095322	0	0	0	0	2
rs61125006	0	0	0	0	0
rs61150019	0	0	0	0	2
rs61155013	0	0	0	0	0
rs61181905	0	0	0	0	1
rs61278993	0	0	0	0	0
rs61325218	0	0	0	0	0
rs61325324	0	0	0	0	0
rs61327946	0	0	0	0	0
rs61341431	0	0	0	0	1
rs61360156	0	0	0	0	0
rs61371129	0	0	0	0	0
rs61489189	0	0	0	0	0
rs61490101	0	0	0	0	0
rs61498115	0	0	0	0	0
rs61500887	0	0	0	0	1
rs61556017	0	0	0	0	1
rs61678625	0	0	0	0	0
rs61708211	0	0	0	0	0
rs61750944	0	0	0	0	0
rs61761101	0	0	0	0	0
rs61763584	0	0	0	0	0
rs61893629	0	0	0	0	2
rs61921876	0	0	0	0	0
rs61921878	0	0	0	0	0
rs61921880	0	0	0	0	0
rs61921881	0	0	0	0	0
rs619761	0	0	0	0	0
rs61976303	0	0	0	0	0
rs62023464	0	0	0	0	0
rs62024061	0	0	0	0	0
rs62024062	0	0	0	0	0
rs62024066	0	0	0	0	0
rs62024068	0	0	0	0	0
rs62024094	0	0	0	0	0
rs62024095	0	0	0	0	0
rs62024102	0	0	0	0	0
rs62024106	0	0	0	0	0
rs62024110	0	0	0	0	0
rs62025598	0	0	0	0	0
rs62085576	0	0	0	0	0
rs62191875	0	0	0	0	1
rs62252038	0	0	0	0	0
rs62324415	0	0	0	0	0
rs62330278	0	0	0	0	0
rs62335050	0	0	0	0	0
rs62384966	0	0	0	0	0
rs62385073	0	0	0	0	0
rs62385093	0	0	0	0	0
rs62385098	0	0	0	0	0
rs62385099	0	0	0	0	0
rs62385102	0	0	0	0	0
rs62385103	0	0	0	0	0
rs62385106	0	0	0	0	0
rs62385126	0	0	0	0	0
rs62385129	0	0	0	0	0
rs62391414	0	0	0	0	2
rs62401761	0	0	0	0	1
rs62401766	0	0	0	0	1
rs62403189	0	0	0	0	1
rs62416271	0	0	0	0	0
rs62416275	0	0	0	0	0
rs624170	0	0	0	0	1
rs62454353	0	0	0	0	0
rs62456677	0	0	0	0	0
rs62517793	0	0	0	0	0
rs62517795	0	0	0	0	0
rs62517797	0	0	0	0	0
rs62519037	0	0	0	0	0
rs62544387	0	0	0	0	1
rs62544389	0	0	0	0	1
rs62544391	0	0	0	0	1
rs62640931	0	0	0	0	0
rs631805	0	0	0	0	0
rs634382	0	0	0	0	2
rs640389	0	0	0	0	0
rs6414058	0	0	0	0	0
rs6416191	0	0	0	0	0
rs6432378	0	0	0	0	0
rs6432382	0	0	0	0	0
rs6432383	0	0	0	0	0
rs6437125	0	0	0	0	0
rs6445386	0	0	0	0	2
rs6464401	0	0	0	0	0
rs6474397	0	0	0	0	0
rs6474398	0	0	0	0	0
rs647894	0	0	0	0	0
rs6482130	0	0	0	0	0
rs6482131	0	0	0	0	0
rs6484193	0	0	0	0	0
rs6484194	0	0	0	0	0
rs6486664	0	0	0	0	0
rs6486665	0	0	0	0	0
rs6486677	0	0	0	0	0
rs6486680	0	0	0	0	0
rs6497393	0	0	0	0	0
rs6497394	1	0	0	0	0
rs653197	0	0	0	0	0
rs6536271	0	0	0	0	0
rs6537150	0	0	0	0	1
rs6537151	0	0	0	0	1
rs6545306	0	0	0	0	0
rs6545307	0	0	0	0	0
rs6573108	0	0	0	0	0
rs6573109	0	0	0	0	0
rs6583487	0	0	0	0	0
rs6583488	0	0	0	0	0
rs6583489	0	0	0	0	0
rs6583490	0	0	0	0	0
rs6583491	0	0	0	0	0
rs6583498	0	0	0	0	0
rs6583499	0	0	0	0	0
rs6583500	0	0	0	0	0
rs6583501	0	0	0	0	0
rs6583503	0	0	0	0	0
rs6583505	0	0	0	0	0
rs6583507	0	0	0	0	0
rs6583508	0	0	0	0	0
rs6583509	0	0	0	0	0
rs6583510	0	0	0	0	0
rs6583511	0	0	0	0	0
rs6583512	0	0	0	0	0
rs6583513	0	0	0	0	0
rs6583514	0	0	0	0	0
rs6595136	0	0	0	0	0
rs6596011	0	0	0	0	1
rs6596457	0	0	0	0	2
rs6596460	0	0	0	0	2
rs6596463	0	0	0	0	2
rs6599124	0	0	0	0	1
rs6600831	0	0	0	0	0
rs66462821	0	0	0	0	2
rs66507425	0	0	0	0	0
rs6650917	0	0	0	0	1
rs6650918	0	0	0	0	1
rs6650919	0	0	0	0	1
rs66513223	0	0	0	0	0
rs66549959	0	0	0	0	0
rs66554074	0	0	0	0	0
rs6658342	0	0	0	0	0
rs666011	0	0	0	0	0
rs6660753	0	0	0	0	0
rs6661049	0	0	0	0	0
rs66614964	0	0	0	0	0
rs6662389	0	0	0	0	0
rs6662485	0	0	0	0	0
rs66633834	0	0	0	0	0
rs666542	0	0	0	0	1
rs6665805	0	0	0	0	0
rs6665865	0	0	0	0	0
rs6668525	0	0	0	0	0
rs6668733	0	0	0	0	0
rs6669173	0	0	0	0	0
rs667051	0	0	0	0	1
rs6671545	0	0	0	0	0
rs6671926	0	0	0	0	0
rs6672927	0	0	0	0	0
rs6676515	0	0	0	0	0
rs6677306	0	0	0	0	0
rs6677428	0	0	0	0	0
rs6679521	0	0	0	0	0
rs668011	0	0	0	0	1
rs66838526	0	0	0	0	0
rs66839813	0	0	0	0	2
rs66863920	0	0	0	0	0
rs66892335	0	0	0	0	0
rs6689319	0	0	0	0	0
rs6693588	0	0	0	0	0
rs67016500	0	0	0	0	0
rs6701844	0	0	0	0	0
rs6702658	0	0	0	0	0
rs67053110	0	0	0	0	2
rs6706559	0	0	0	0	0
rs67084221	0	0	0	0	0
rs6720610	0	0	0	0	0
rs67206461	0	0	0	0	0
rs67216951	0	0	0	0	0
rs6724274	0	0	0	0	1
rs67248391	0	0	0	0	2
rs6728626	0	0	0	0	0
rs67294579	0	0	0	0	0
rs67296915	0	0	0	0	2
rs6739849	0	0	0	0	0
rs67401452	0	0	0	0	0
rs67408582	0	0	0	0	0
rs6742818	0	0	0	0	0
rs67447454	0	0	0	0	0
rs6745721	0	0	0	0	0
rs67460698	0	0	0	0	0
rs67466596	0	0	0	0	0
rs67594496	0	0	0	0	0
rs6763882	0	0	0	0	2
rs6767007	0	0	0	0	1
rs6769419	0	0	0	0	0
rs6769895	0	0	0	0	1
rs6769990	0	0	0	0	1
rs6770050	0	0	0	0	0
rs6770905	0	0	0	0	0
rs6782331	0	0	0	0	1
rs67834575	0	0	0	0	2
rs67844589	0	0	0	0	0
rs6785547	0	0	0	0	1
rs6785726	0	0	0	0	1
rs67859863	0	0	0	0	0
rs67875575	0	0	0	0	0
rs678854	0	0	0	0	0
rs6790816	0	0	0	0	0
rs6792733	0	0	0	0	0
rs6794675	0	0	0	0	0
rs6796333	0	0	0	0	2
rs67968234	0	0	0	0	0
rs67968747	0	0	0	0	0
rs67971301	0	0	0	0	0
rs6798883	0	0	0	0	0
rs6799198	0	0	0	0	0
rs6799701	0	0	0	0	1
rs6800707	0	0	0	0	2
rs6803344	0	0	0	0	0
rs6807745	0	0	0	0	0
rs6807929	0	0	0	0	0
rs68118806	0	0	0	0	0
rs6812850	0	0	0	0	1
rs6815358	0	0	0	0	0
rs6816223	0	0	0	0	1
rs6817849	0	0	0	0	1
rs6818149	0	0	0	0	1
rs6818862	0	0	0	0	0
rs68191943	0	0	0	0	0
rs6820538	0	0	0	0	1
rs6822299	0	0	0	0	1
rs6823557	0	0	0	0	0
rs6824065	0	0	0	0	0
rs6824369	0	0	0	0	0
rs6824730	0	0	0	0	0
rs6826918	0	0	0	0	0
rs6827229	0	0	0	0	1
rs6828369	0	0	0	0	1
rs6829621	0	0	0	0	1
rs6831819	0	0	0	0	0
rs6832657	0	0	0	0	0
rs6832943	0	0	0	0	1
rs6833582	0	0	0	0	1
rs6837080	0	0	0	0	0
rs6837133	0	0	0	0	0
rs6844766	0	0	0	0	0
rs6844866	0	0	0	0	1
rs6849811	0	0	0	0	0
rs6850792	0	0	0	0	0
rs6854861	0	0	0	0	1
rs6855616	0	0	0	0	0
rs6856602	0	0	0	0	0
rs6857078	0	0	0	0	1
rs6862393	0	0	0	0	2
rs6863347	0	0	0	0	2
rs6867343	0	0	0	0	2
rs6868085	0	0	0	0	2
rs6882112	0	0	0	0	2
rs6882330	0	0	0	0	2
rs6882526	0	0	0	0	2
rs6882583	0	0	0	0	2
rs6890272	0	0	0	0	2
rs6894304	0	0	0	0	0
rs6895130	0	0	0	0	0
rs6905627	0	0	0	0	0
rs6922085	0	0	0	0	0
rs6923568	0	0	0	0	0
rs6926995	0	0	0	0	0
rs6933004	0	0	0	0	0
rs6944916	0	0	0	0	0
rs6945395	0	0	0	0	0
rs6945680	0	0	0	0	0
rs6946055	0	0	0	0	0
rs6948229	0	0	0	0	0
rs6951015	0	0	0	0	0
rs6951488	0	0	0	0	0
rs6951517	0	0	0	0	0
rs6952050	0	0	0	0	0
rs6952745	0	0	0	0	0
rs6952911	0	0	0	0	0
rs6953052	0	0	0	0	0
rs6957215	0	0	0	0	0
rs6958266	0	0	0	0	0
rs6958308	0	0	0	0	0
rs6960408	0	0	0	0	0
rs6960441	0	0	0	0	0
rs6960588	0	0	0	0	0
rs6960891	0	0	0	0	0
rs6962045	0	0	0	0	0
rs6962210	0	0	0	0	0
rs6963978	0	0	0	0	0
rs6964946	0	0	0	0	0
rs6965656	0	0	0	0	0
rs6965822	0	0	0	0	0
rs6967825	0	0	0	0	0
rs6968293	0	0	0	0	0
rs6969891	0	0	0	0	0
rs6970059	0	0	0	0	0
rs6970665	0	0	0	0	0
rs6972473	0	0	0	0	0
rs6973241	0	0	0	0	0
rs6974104	0	0	0	0	0
rs6974674	0	0	0	0	0
rs6975342	0	0	0	0	0
rs6975349	0	0	0	0	0
rs6975663	0	0	0	0	0
rs6975696	0	0	0	0	0
rs6975700	0	0	0	0	0
rs6976152	0	0	0	0	0
rs6977073	0	0	0	0	0
rs6977451	0	0	0	0	0
rs697976	0	0	0	0	2
rs6979833	0	0	0	0	2
rs6979989	0	0	0	0	0
rs6995643	0	0	0	0	0
rs6999220	0	0	0	0	0
rs6999304	0	0	0	0	1
rs6999392	0	0	0	0	0
rs6999515	0	0	0	0	0
rs7008132	0	0	0	0	0
rs7017072	1	0.5	0	0	0
rs7027583	0	0	0	0	0
rs7067879	0	0	0	0	0
rs7094134	0	0	0	0	0
rs70958861	0	0	0	0	0
rs7097965	0	0	0	0	0
rs70982750	0	0	0	0	0
rs709959	0	0	0	0	0
rs7099620	0	0	0	0	0
rs71000989	0	0	0	0	0
rs71015486	0	0	0	0	0
rs7101817	0	0	0	0	0
rs7103209	0	0	0	0	0
rs7105188	0	0	0	0	0
rs7105339	0	0	0	0	0
rs7113183	0	0	0	0	0
rs7114213	0	0	0	0	0
rs7114574	0	0	0	0	0
rs7115939	0	0	0	0	0
rs7116083	0	0	0	0	0
rs7119696	0	0	0	0	0
rs7120325	0	0	0	0	0
rs7123678	0	0	0	0	0
rs71250023	0	0	0	0	1
rs7127203	0	0	0	0	0
rs7127207	0	0	0	0	0
rs7127471	0	0	0	0	0
rs7127703	0	0	0	0	0
rs7129108	0	0	0	0	0
rs713140	0	0	0	0	0
rs7131491	0	0	0	0	0
rs7131823	0	0	0	0	0
rs7132018	0	0	0	0	0
rs7132080	0	0	0	0	0
rs7133374	0	0	0	0	0
rs7135162	0	0	0	0	0
rs7135375	0	0	0	0	0
rs7135754	0	0	0	0	0
rs7135890	0	0	0	0	0
rs7138697	0	0	0	0	0
rs7139192	0	0	0	0	0
rs7139234	0	0	0	0	0
rs713952	0	0	0	0	0
rs71424421	0	0	0	0	0
rs71433652	0	0	0	0	0
rs71450954	0	0	0	0	0
rs71450955	0	0	0	0	0
rs71450956	0	0	0	0	0
rs71452510	0	0	0	0	0
rs71453150	0	0	0	0	0
rs714566	0	0	0	0	0
rs71465364	0	0	0	0	2
rs71468487	0	0	0	0	0
rs71468488	0	0	0	0	0
rs71468490	0	0	0	0	0
rs7149847	0	0	0	0	0
rs7151363	0	0	0	0	0
rs71529897	0	0	0	0	0
rs71529898	0	0	0	0	0
rs71529899	0	0	0	0	0
rs71529900	0	0	0	0	0
rs71541799	0	0	0	0	0
rs71574881	0	0	0	0	0
rs71587287	0	0	0	0	0
rs71587288	0	0	0	0	2
rs71587289	0	0	0	0	2
rs71588246	0	0	0	0	0
rs71597064	0	0	0	0	0
rs7162686	0	0	0	0	0
rs71638479	0	0	0	0	0
rs71668963	0	0	0	0	0
rs716910	0	0	0	0	0
rs716912	0	0	0	0	0
rs717378	0	0	0	0	0
rs71743139	0	0	0	0	0
rs7195416	0	0	0	0	0
rs7195836	0	0	0	0	0
rs71985918	0	0	0	0	0
rs720159	0	0	0	0	0
rs7207440	0	0	0	0	1
rs72290633	0	0	0	0	0
rs7231676	0	0	0	0	0
rs72318280	0	0	0	0	0
rs7232737	0	0	0	0	0
rs7243144	0	0	0	0	0
rs724517	0	0	0	0	1
rs724518	0	0	0	0	1
rs724979	0	0	0	0	1
rs725448	0	0	0	0	0
rs7255540	0	0	0	0	1
rs7256461	0	0	0	0	0
rs725853	0	0	0	0	0
rs725854	0	0	0	0	0
rs72615659	0	0	0	0	0
rs72641488	0	0	0	0	0
rs72641497	0	0	0	0	0
rs72641500	0	0	0	0	0
rs72643203	0	0	0	0	0
rs72643207	0	0	0	0	0
rs72652246	0	0	0	0	0
rs72652247	0	0	0	0	0
rs72652249	0	0	0	0	0
rs72652251	0	0	0	0	0
rs72652254	0	0	0	0	0
rs72652255	0	0	0	0	0
rs72652257	0	0	0	0	0
rs72652260	0	0	0	0	0
rs72652263	0	0	0	0	0
rs72654383	0	0	0	0	0
rs72654384	0	0	0	0	0
rs72654385	0	0	0	0	0
rs72655129	0	0	0	0	0
rs72689804	0	0	0	0	0
rs72689809	0	0	0	0	0
rs72689815	0	0	0	0	0
rs72692085	0	0	0	0	0
rs72692087	0	0	0	0	0
rs72692092	0	0	0	0	0
rs72692101	0	0	0	0	0
rs72693007	0	0	0	0	0
rs72693021	0	0	0	0	0
rs72700701	0	0	0	0	2
rs72728204	0	0	0	0	0
rs72791693	0	0	0	0	0
rs72802572	0	0	0	0	0
rs72802576	0	0	0	0	0
rs72802599	0	0	0	0	0
rs72804510	0	0	0	0	0
rs72804586	0	0	0	0	0
rs72804590	0	0	0	0	0
rs72804600	0	0	0	0	0
rs7280951	0	0	0	0	1
rs72839931	0	0	0	0	1
rs7285253	0	0	0	0	0
rs72853767	0	0	0	0	0
rs72853796	0	0	0	0	0
rs72853798	0	0	0	0	0
rs72856011	0	0	0	0	0
rs72885752	0	0	0	0	0
rs72885762	0	0	0	0	0
rs72948051	0	0	0	0	0
rs7295878	0	0	0	0	0
rs72970736	0	0	0	0	0
rs72970776	0	0	0	0	0
rs72978514	0	0	0	0	0
rs7298891	0	0	0	0	0
rs72992843	0	0	0	0	0
rs72992845	0	0	0	0	0
rs72993315	0	0	0	0	0
rs72993517	0	0	0	0	0
rs72993528	0	0	0	0	0
rs72993554	0	0	0	0	0
rs7299455	0	0	0	0	0
rs73001686	0	0	0	0	0
rs73001689	0	0	0	0	0
rs73001980	0	0	0	0	0
rs73002507	0	0	0	0	0
rs73002524	0	0	0	0	0
rs73003839	0	0	0	0	0
rs73003840	0	0	0	0	0
rs73003841	0	0	0	0	0
rs73003843	0	0	0	0	0
rs73003853	0	0	0	0	0
rs73003862	0	0	0	0	0
rs7300394	0	0	0	0	0
rs73005717	0	0	0	0	0
rs7304090	0	0	0	0	0
rs7304604	0	0	0	0	0
rs7305218	0	0	0	0	1
rs7305312	0	0	0	0	0
rs73067300	0	0	0	0	0
rs73069103	0	0	0	0	0
rs73069105	0	0	0	0	0
rs73071270	0	0	0	0	0
rs73071272	0	0	0	0	0
rs73073207	0	0	0	0	0
rs73077316	0	0	0	0	0
rs73077322	0	0	0	0	0
rs73077332	0	0	0	0	0
rs73077338	0	0	0	0	0
rs73079611	0	0	0	0	0
rs73079683	0	0	0	0	0
rs73081704	0	0	0	0	0
rs73081725	0	0	0	0	0
rs7309862	0	0	0	0	0
rs73102394	0	0	0	0	0
rs73102625	0	0	0	0	0
rs73102627	0	0	0	0	0
rs73102629	0	0	0	0	0
rs73102644	0	0	0	0	0
rs73102658	0	0	0	0	0
rs73109336	0	0	0	0	0
rs73109370	0	0	0	0	0
rs73115325	0	0	0	0	0
rs73119762	0	0	0	0	0
rs73119769	0	0	0	0	0
rs73119774	0	0	0	0	0
rs7312196	0	0	0	0	0
rs73146175	0	0	0	0	0
rs73153786	0	0	0	0	0
rs7315469	0	0	0	0	0
rs73157990	0	0	0	0	0
rs73183527	0	0	0	0	0
rs73190762	0	0	0	0	0
rs73204457	0	0	0	0	0
rs73204458	0	0	0	0	0
rs73204459	0	0	0	0	0
rs73204463	0	0	0	0	0
rs73206334	0	0	0	0	0
rs73206335	0	0	0	0	0
rs73206339	0	0	0	0	0
rs73206341	0	0	0	0	0
rs73206352	0	0	0	0	0
rs73206354	0	0	0	0	0
rs73206357	0	0	0	0	0
rs73206360	0	0	0	0	0
rs73206361	0	0	0	0	0
rs73206364	0	0	0	0	0
rs73206367	0	0	0	0	0
rs73206378	0	0	0	0	0
rs73206380	0	0	0	0	0
rs73206385	0	0	0	0	0
rs73206387	0	0	0	0	0
rs73206389	0	0	0	0	0
rs73206393	0	0	0	0	0
rs73206396	0	0	0	0	0
rs73209566	0	0	0	0	1
rs73209569	0	0	0	0	1
rs73218217	0	0	0	0	0
rs73246992	0	0	0	0	0
rs73277624	0	0	0	0	1
rs73279635	0	0	0	0	1
rs73279637	0	0	0	0	1
rs73279640	0	0	0	0	1
rs73279644	0	0	0	0	1
rs73286413	0	0	0	0	0
rs73295963	0	0	0	0	0
rs73313012	0	0	0	0	0
rs73313061	0	0	0	0	0
rs73340551	0	0	0	0	0
rs73366874	0	0	0	0	0
rs73371266	0	0	0	0	0
rs7337521	0	0	0	0	2
rs73376761	0	0	0	0	0
rs73376772	0	0	0	0	0
rs73376774	0	0	0	0	0
rs73376780	0	0	0	0	0
rs73376783	0	0	0	0	0
rs73378710	0	0	0	0	0
rs73378711	0	0	0	0	0
rs73393329	0	0	0	0	0
rs73393331	0	0	0	0	0
rs73393348	0	0	0	0	0
rs73393353	0	0	0	0	0
rs73393355	0	0	0	0	0
rs73393356	0	0	0	0	0
rs73410321	0	0	0	0	0
rs73410325	0	0	0	0	0
rs73461949	0	0	0	0	0
rs73471174	0	0	0	0	0
rs73471175	0	0	0	0	0
rs73471181	0	0	0	0	0
rs73471182	0	0	0	0	0
rs73471183	0	0	0	0	0
rs73501784	0	0	0	0	0
rs73543247	0	0	0	0	0
rs7355662	0	0	0	0	0
rs7357214	0	0	0	0	0
rs73692406	0	0	0	0	1
rs737004	0	0	0	0	0
rs73708033	0	0	0	0	0
rs73708036	0	0	0	0	0
rs73708045	0	0	0	0	0
rs73708046	0	0	0	0	0
rs73708051	0	0	0	0	0
rs73708052	0	0	0	0	0
rs737739	0	0	0	0	1
rs73825509	0	0	0	0	1
rs73825510	0	0	0	0	1
rs73825511	0	0	0	0	1
rs73825512	0	0	0	0	1
rs73825513	0	0	0	0	1
rs73825514	0	0	0	0	1
rs73825515	0	0	0	0	1
rs73825516	0	0	0	0	1
rs73825518	0	0	0	0	1
rs73825521	0	0	0	0	1
rs73825522	0	0	0	0	1
rs73825523	0	0	0	0	1
rs73825524	0	0	0	0	1
rs73825525	0	0	0	0	1
rs73825526	0	0	0	0	1
rs73827608	0	0	0	0	1
rs73827630	0	0	0	0	1
rs73827631	0	0	0	0	1
rs73827633	0	0	0	0	1
rs73838680	0	0	0	0	0
rs73843505	0	0	0	0	0
rs73843506	0	0	0	0	0
rs73843507	0	0	0	0	0
rs73843508	0	0	0	0	0
rs73843510	0	0	0	0	0
rs73843512	0	0	0	0	0
rs73845635	0	0	0	0	0
rs73845636	0	0	0	0	0
rs73845638	0	0	0	0	0
rs73845640	0	0	0	0	0
rs73845642	0	0	0	0	0
rs73845643	0	0	0	0	0
rs73845644	0	0	0	0	0
rs73845645	0	0	0	0	0
rs73845646	0	0	0	0	0
rs73845647	0	0	0	0	0
rs73845649	0	0	0	0	0
rs73845652	0	0	0	0	0
rs73845653	0	0	0	0	0
rs73845654	0	0	0	0	0
rs73845655	0	0	0	0	0
rs73845656	0	0	0	0	0
rs73845657	0	0	0	0	0
rs73845658	0	0	0	0	0
rs73845660	0	0	0	0	0
rs73845661	0	0	0	0	0
rs73845664	0	0	0	0	0
rs73845665	0	0	0	0	0
rs73845669	0	0	0	0	0
rs73845675	0	0	0	0	0
rs73845677	0	0	0	0	0
rs73845679	0	0	0	0	0
rs73845680	0	0	0	0	0
rs73845688	0	0	0	0	0
rs73845689	0	0	0	0	0
rs73845692	0	0	0	0	0
rs73845693	0	0	0	0	0
rs73845694	0	0	0	0	0
rs73845697	0	0	0	0	0
rs73845699	0	0	0	0	0
rs73847403	0	0	0	0	0
rs73847405	0	0	0	0	0
rs73847407	0	0	0	0	0
rs73847409	0	0	0	0	0
rs73847410	0	0	0	0	0
rs73847411	0	0	0	0	0
rs73847415	0	0	0	0	0
rs73847416	0	0	0	0	0
rs738975	0	0	0	0	0
rs738977	0	0	0	0	0
rs73916254	0	0	0	0	0
rs73916271	0	0	0	0	0
rs73916272	0	0	0	0	0
rs73916273	0	0	0	0	0
rs73916274	0	0	0	0	0
rs73916275	0	0	0	0	0
rs73916276	0	0	0	0	0
rs73916277	0	0	0	0	0
rs73916278	0	0	0	0	0
rs73916279	0	0	0	0	0
rs73916283	0	0	0	0	0
rs73916289	0	0	0	0	0
rs73918704	0	0	0	0	0
rs73918705	0	0	0	0	0
rs73918712	0	0	0	0	0
rs7397555	0	0	0	0	0
rs7397964	0	0	0	0	0
rs7397987	0	0	0	0	0
rs7398736	0	0	0	0	0
rs7399010	0	0	0	0	0
rs7399092	0	0	0	0	0
rs74047539	0	0	0	0	0
rs74047575	0	0	0	0	0
rs74063396	0	0	0	0	2
rs7410682	0	0	0	0	0
rs7418188	0	0	0	0	0
rs74299835	0	0	0	0	0
rs74299837	0	0	0	0	0
rs74299838	0	0	0	0	0
rs743564	0	0	0	0	2
rs74365794	0	0	0	0	0
rs7436840	0	0	0	0	1
rs74403126	0	0	0	0	0
rs74404460	0	0	0	0	0
rs74405437	0	0	0	0	0
rs74433506	0	0	0	0	0
rs74437051	0	0	0	0	0
rs74456155	0	0	0	0	0
rs74475302	0	0	0	0	0
rs74476388	0	0	0	0	0
rs74476505	0	0	0	0	0
rs74479780	0	0	0	0	0
rs74483645	0	0	0	0	0
rs74491441	0	0	0	0	0
rs74503786	0	0	0	0	0
rs74506626	0	0	0	0	0
rs74510237	0	0	0	0	0
rs74514131	0	0	0	0	0
rs7453274	0	0	0	0	0
rs74548921	0	0	0	0	0
rs7455537	0	0	0	0	0
rs74555881	0	0	0	0	0
rs745630	0	0	0	0	2
rs7459111	0	0	0	0	0
rs74595907	0	0	0	0	2
rs74599093	0	0	0	0	0
rs74602839	0	0	0	0	0
rs74683900	0	0	0	0	0
rs74688907	0	0	0	0	0
rs74690114	0	0	0	0	0
rs74694694	0	0	0	0	0
rs74704869	0	0	0	0	0
rs74758026	0	0	0	0	0
rs74764581	0	0	0	0	0
rs74765550	0	0	0	0	0
rs7477199	0	0	0	0	0
rs74782247	0	0	0	0	0
rs7478337	0	0	0	0	0
rs7480738	0	0	0	0	2
rs74819471	0	0	0	0	0
rs74819631	0	0	0	0	0
rs74824875	0	0	0	0	0
rs74827629	0	0	0	0	0
rs74833240	0	0	0	0	0
rs74840653	0	0	0	0	0
rs748515	0	0	0	0	0
rs74860725	0	0	0	0	0
rs74869352	0	0	0	0	0
rs74872153	0	0	0	0	2
rs74877892	0	0	0	0	0
rs74878848	0	0	0	0	0
rs74881135	0	0	0	0	0
rs74896174	0	0	0	0	0
rs74941062	0	0	0	0	0
rs74949485	0	0	0	0	0
rs74953605	0	0	0	0	0
rs74978094	0	0	0	0	0
rs74993584	0	0	0	0	0
rs74998677	0	0	0	0	1
rs75017693	0	0	0	0	0
rs75048896	0	0	0	0	0
rs75053784	0	0	0	0	0
rs75060853	0	0	0	0	0
rs75062326	0	0	0	0	0
rs75082591	0	0	0	0	0
rs75085172	0	0	0	0	0
rs75096884	0	0	0	0	0
rs75141079	0	0	0	0	0
rs75143161	0	0	0	0	0
rs75151165	0	0	0	0	0
rs75155929	0	0	0	0	0
rs751598	0	0	0	0	0
rs75163742	0	0	0	0	1
rs75167796	0	0	0	0	0
rs75171810	0	0	0	0	0
rs75182295	0	0	0	0	0
rs7520913	0	0	0	0	0
rs75211027	0	0	0	0	0
rs75211994	0	0	0	0	0
rs75213165	0	0	0	0	0
rs75216070	1	0.5	0	0	0
rs75242576	0	0	0	0	0
rs75244797	0	0	0	0	0
rs7524967	0	0	0	0	0
rs75261338	0	0	0	0	0
rs75284290	0	0	0	0	0
rs752967	0	0	0	0	2
rs7530155	0	0	0	0	0
rs7530423	0	0	0	0	0
rs75309199	0	0	0	0	0
rs75320881	0	0	0	0	0
rs75322809	0	0	0	0	0
rs75330309	0	0	0	0	0
rs75338467	2	0	0	0	0
rs75345057	0	0	0	0	0
rs75346050	0	0	0	0	0
rs75348696	0	0	0	0	0
rs7535648	0	0	0	0	0
rs75356885	0	0	0	0	1
rs75419425	0	0	0	0	0
rs75436011	0	0	0	0	1
rs75444120	0	0	0	0	0
rs75445568	0	0	0	0	0
rs75449632	0	0	0	0	1
rs75453387	0	0	0	0	0
rs75458704	0	0	0	0	0
rs75461203	0	0	0	0	0
rs7547092	0	0	0	0	0
rs75487669	0	0	0	0	0
rs75491195	0	0	0	0	0
rs75508170	0	0	0	0	0
rs75510831	0	0	0	0	0
rs75543398	0	0	0	0	0
rs7554413	0	0	0	0	0
rs7554531	0	0	0	0	0
rs75558942	0	0	0	0	0
rs75561140	0	0	0	0	0
rs75563253	0	0	0	0	1
rs7557766	0	0	0	0	0
rs75579161	0	0	0	0	0
rs75606178	0	0	0	0	0
rs75615270	0	0	0	0	0
rs75622907	0	0	0	0	0
rs756334	0	0	0	0	0
rs7565767	0	0	0	0	0
rs7565862	0	0	0	0	0
rs7567603	0	0	0	0	0
rs75679901	0	0	0	0	0
rs7568916	0	0	0	0	0
rs75700487	0	0	0	0	0
rs75710680	0	0	0	0	0
rs75714085	0	0	0	0	0
rs75714930	0	0	0	0	0
rs7573204	0	0	0	0	0
rs7574581	0	0	0	0	0
rs75746709	0	0	0	0	0
rs75755764	0	0	0	0	0
rs75767425	0	0	0	0	0
rs75779264	0	0	0	0	0
rs75790780	0	0	0	0	0
rs75792711	0	0	0	0	0
rs7579875	0	0	0	0	0
rs75811103	0	0	0	0	0
rs75813302	0	0	0	0	0
rs7581434	0	0	0	0	0
rs758278	0	0	0	0	0
rs75839892	0	0	0	0	0
rs75856267	0	0	0	0	1
rs75860335	0	0	0	0	1
rs75866489	0	0	0	0	0
rs758697	0	0	0	0	0
rs7588832	0	0	0	0	0
rs75898908	0	0	0	0	0
rs75899685	0	0	0	0	0
rs7590434	0	0	0	0	0
rs75943947	0	0	0	0	0
rs75948705	0	0	0	0	0
rs75972256	0	0	0	0	0
rs75993653	0	0	0	0	0
rs75993946	0	0	0	0	0
rs76015239	0	0	0	0	0
rs76030653	0	0	0	0	0
rs76045112	0	0	0	0	0
rs76046364	0	0	0	0	0
rs76064413	0	0	0	0	0
rs76069655	0	0	0	0	0
rs76095789	0	0	0	0	0
rs7609671	0	0	0	0	0
rs76119504	0	0	0	0	1
rs7612504	0	0	0	0	0
rs76132272	0	0	0	0	0
rs76137465	0	0	0	0	0
rs7613828	0	0	0	0	0
rs76142575	0	0	0	0	0
rs76146925	0	0	0	0	0
rs76147842	0	0	0	0	0
rs7615807	0	0	0	0	0
rs76159265	0	0	0	0	0
rs76198131	0	0	0	0	0
rs76202847	0	0	0	0	0
rs7620363	0	0	0	0	0
rs76218496	0	0	0	0	0
rs76221049	0	0	0	0	0
rs76223597	0	0	0	0	0
rs76232054	0	0	0	0	0
rs7625290	0	0	0	0	1
rs7626235	0	0	0	0	0
rs76272567	0	0	0	0	0
rs76275169	0	0	0	0	0
rs7627607	0	0	0	0	0
rs76284568	0	0	0	0	0
rs76286914	0	0	0	0	0
rs76300276	0	0	0	0	0
rs76309358	0	0	0	0	0
rs76356105	0	0	0	0	1
rs76357439	0	0	0	0	0
rs76363527	0	0	0	0	2
rs76379327	0	0	0	0	0
rs76386627	0	0	0	0	1
rs76389842	0	0	0	0	0
rs763918	0	0	0	0	1
rs7643570	0	0	0	0	0
rs76455429	0	0	0	0	0
rs7645964	0	0	0	0	0
rs7646889	0	0	0	0	0
rs7649382	0	0	0	0	0
rs7650537	0	0	0	0	0
rs76509575	0	0	0	0	0
rs76512453	0	0	0	0	0
rs76519613	0	0	0	0	0
rs76520863	0	0	0	0	0
rs76556811	0	0	0	0	0
rs7656276	0	0	0	0	1
rs76563911	0	0	0	0	0
rs76569448	0	0	0	0	0
rs76578363	0	0	0	0	0
rs7658555	0	0	0	0	0
rs76593880	0	0	0	0	0
rs76599385	0	0	0	0	0
rs7660112	0	0	0	0	0
rs7660807	0	0	0	0	0
rs7661785	0	0	0	0	1
rs76620913	0	0	0	0	0
rs76627595	0	0	0	0	0
rs76632320	0	0	0	0	2
rs7663553	0	0	0	0	1
rs7663762	0	0	0	0	1
rs7665674	0	0	0	0	1
rs7666785	0	0	0	0	1
rs76694060	0	0	0	0	0
rs7669877	0	0	0	0	0
rs7670439	0	0	0	0	1
rs7670624	0	0	0	0	1
rs76712501	0	0	0	0	0
rs7671734	0	0	0	0	0
rs76722801	0	0	0	0	0
rs76722838	0	0	0	0	1
rs7672398	0	0	0	0	0
rs76742911	0	0	0	0	0
rs76766851	0	0	0	0	0
rs76781372	0	0	0	0	0
rs76790064	0	0	0	0	0
rs76794974	0	0	0	0	0
rs76808106	0	0	0	0	0
rs7680959	0	0	0	0	1
rs7681081	0	0	0	0	0
rs7681329	0	0	0	0	0
rs7682068	0	0	0	0	1
rs76827017	0	0	0	0	0
rs7684430	0	0	0	0	1
rs7684481	0	0	0	0	1
rs76845075	0	0	0	0	0
rs7684847	0	0	0	0	1
rs7685075	0	0	0	0	1
rs7685461	0	0	0	0	1
rs76859897	0	0	0	0	0
rs76860817	0	0	0	0	0
rs76861917	0	0	0	0	0
rs76872038	0	0	0	0	0
rs7687299	0	0	0	0	0
rs7687417	0	0	0	0	0
rs76877602	0	0	0	0	0
rs76879829	0	0	0	0	0
rs76897971	0	0	0	0	0
rs76898132	0	0	0	0	0
rs76901833	0	0	0	0	0
rs76913602	0	0	0	0	0
rs7691393	0	0	0	0	0
rs76917363	0	0	0	0	0
rs76917426	0	0	0	0	0
rs76927550	0	0	0	0	0
rs7693583	0	0	0	0	1
rs7693817	0	0	0	0	1
rs7696527	0	0	0	0	0
rs76969368	0	0	0	0	0
rs7697838	0	0	0	0	1
rs76980859	0	0	0	0	0
rs76998450	0	0	0	0	0
rs7701870	0	0	0	0	0
rs77020421	0	0	0	0	0
rs7702182	0	0	0	0	2
rs7703288	0	0	0	0	2
rs77038473	0	0	0	0	0
rs77040916	0	0	0	0	0
rs77053741	0	0	0	0	0
rs77055002	0	0	0	0	0
rs77060352	0	0	0	0	0
rs7706391	0	0	0	0	2
rs77071507	0	0	0	0	0
rs77072905	0	0	0	0	0
rs77074121	0	0	0	0	0
rs77095112	0	0	0	0	0
rs77102924	0	0	0	0	0
rs77103389	0	0	0	0	0
rs77116170	0	0	0	0	0
rs771280	0	0	0	0	0
rs771287	0	0	0	0	1
rs771288	0	0	0	0	1
rs771289	0	0	0	0	1
rs771291	0	0	0	0	1
rs771295	0	0	0	0	1
rs771299	0	0	0	0	1
rs771300	0	0	0	0	1
rs771301	0	0	0	0	1
rs771302	0	0	0	0	1
rs771304	0	0	0	0	1
rs77135434	0	0	0	0	0
rs7714191	0	0	0	0	2
rs77150736	0	0	0	0	0
rs77168416	0	0	0	0	0
rs7717375	0	0	0	0	2
rs77175791	0	0	0	0	0
rs77199459	0	0	0	0	0
rs7720150	0	0	0	0	2
rs77214114	0	0	0	0	0
rs77218109	0	0	0	0	0
rs77220222	0	0	0	0	0
rs77251286	0	0	0	0	0
rs77251432	0	0	0	0	0
rs77266350	0	0	0	0	0
rs77267339	0	0	0	0	0
rs77271892	0	0	0	0	0
rs77273846	0	0	0	0	0
rs7727466	0	0	0	0	2
rs77291093	0	0	0	0	0
rs77297139	0	0	0	0	0
rs77303341	0	0	0	0	0
rs77307711	0	0	0	0	2
rs77311312	0	0	0	0	0
rs77311509	0	0	0	0	0
rs77317375	0	0	0	0	0
rs77319574	0	0	0	0	0
rs77332262	0	0	0	0	0
rs77342869	0	0	0	0	1
rs7736488	0	0	0	0	0
rs7737148	0	0	0	0	2
rs77377959	0	0	0	0	0
rs77393525	0	0	0	0	1
rs7745334	0	0	0	0	0
rs77464064	0	0	0	0	0
rs77475879	0	0	0	0	0
rs77487289	0	0	0	0	0
rs77499258	0	0	0	0	0
rs77512201	0	0	0	0	0
rs77532877	0	0	0	0	0
rs77555604	0	0	0	0	1
rs77563597	0	0	0	0	0
rs7757397	0	0	0	0	0
rs77599485	0	0	0	0	0
rs77611529	0	0	0	0	0
rs77628846	0	0	0	0	0
rs77646164	0	0	0	0	0
rs77678261	0	0	0	0	0
rs77681698	0	0	0	0	0
rs77683787	0	0	0	0	0
rs77703354	0	0	0	0	0
rs77706575	0	0	0	0	0
rs77708135	0	0	0	0	0
rs77719445	0	0	0	0	0
rs77723110	0	0	0	0	0
rs77738473	0	0	0	0	0
rs77755024	0	0	0	0	0
rs77756070	0	0	0	0	0
rs77757285	0	0	0	0	0
rs77762169	0	0	0	0	0
rs7777017	0	0	0	0	0
rs7777309	0	0	0	0	0
rs77782639	0	0	0	0	0
rs77783161	0	0	0	0	0
rs7779027	0	0	0	0	0
rs7779474	0	0	0	0	0
rs7780178	0	0	0	0	0
rs77810341	0	0	0	0	0
rs7781299	0	0	0	0	0
rs7782744	0	0	0	0	0
rs7783068	0	0	0	0	0
rs77832719	0	0	0	0	0
rs7783496	0	0	0	0	0
rs7783586	0	0	0	0	0
rs7783777	0	0	0	0	0
rs77849516	0	0	0	0	0
rs77864565	0	0	0	0	0
rs77866011	0	0	0	0	0
rs7786675	0	0	0	0	0
rs77879160	0	0	0	0	0
rs7788784	0	0	0	0	0
rs77901476	0	0	0	0	0
rs77901667	0	0	0	0	0
rs7790263	0	0	0	0	0
rs7790600	0	0	0	0	0
rs77926360	0	0	0	0	0
rs7793412	0	0	0	0	0
rs77943388	0	0	0	0	0
rs7795732	0	0	0	0	0
rs7796581	0	0	0	0	0
rs7796590	0	0	0	0	0
rs7796664	0	0	0	0	0
rs77973381	0	0	0	0	0
rs77977534	0	0	0	0	0
rs7797956	0	0	0	0	0
rs7798116	0	0	0	0	0
rs7799945	0	0	0	0	2
rs78002326	0	0	0	0	1
rs78009075	0	0	0	0	0
rs78019210	0	0	0	0	0
rs7803736	0	0	0	0	0
rs78042659	0	0	0	0	0
rs7804423	0	0	0	0	0
rs78044644	0	0	0	0	0
rs78050635	0	0	0	0	0
rs78060777	0	0	0	0	0
rs7806185	0	0	0	0	0
rs78061959	0	0	0	0	0
rs78064293	0	0	0	0	0
rs78065329	0	0	0	0	0
rs7807214	0	0	0	0	0
rs7807345	0	0	0	0	0
rs7808082	0	0	0	0	0
rs7808083	0	0	0	0	0
rs7808248	0	0	0	0	0
rs7808387	0	0	0	0	0
rs7808401	0	0	0	0	0
rs7808690	0	0	0	0	0
rs78096090	0	0	0	0	0
rs78107263	0	0	0	0	1
rs78111335	0	0	0	0	0
rs78132856	0	0	0	0	0
rs78166920	0	0	0	0	0
rs78178686	0	0	0	0	0
rs78182719	0	0	0	0	0
rs78188023	0	0	0	0	0
rs7819659	0	0	0	0	0
rs78220690	0	0	0	0	0
rs78228168	0	0	0	0	0
rs78228230	0	0	0	0	0
rs78257637	0	0	0	0	1
rs78266309	0	0	0	0	0
rs78284816	0	0	0	0	0
rs78292385	0	0	0	0	0
rs78372476	0	0	0	0	0
rs78373795	0	0	0	0	0
rs78384568	0	0	0	0	0
rs78393314	0	0	0	0	0
rs78401976	0	0	0	0	1
rs78411949	0	0	0	0	0
rs78423435	0	0	0	0	0
rs78443735	0	0	0	0	0
rs7845666	0	0	0	0	0
rs7845878	0	0	0	0	0
rs7846743	0	0	0	0	0
rs78469866	0	0	0	0	0
rs78479790	0	0	0	0	1
rs78486530	0	0	0	0	0
rs78486586	0	0	0	0	0
rs78498373	0	0	0	0	0
rs78506326	0	0	0	0	0
rs78507785	0	0	0	0	2
rs78512660	0	0	0	0	0
rs78515206	0	0	0	0	0
rs78519575	0	0	0	0	0
rs7852151	0	0	0	0	0
rs78521754	0	0	0	0	0
rs7853363	0	0	0	0	0
rs78544992	0	0	0	0	0
rs78563056	0	0	0	0	0
rs78583404	0	0	0	0	0
rs78586231	0	0	0	0	0
rs78587644	0	0	0	0	0
rs78595292	0	0	0	0	0
rs7859712	0	0	0	0	0
rs7860176	0	0	0	0	0
rs7860285	0	0	0	0	0
rs78607364	0	0	0	0	1
rs78617034	0	0	0	0	0
rs78618620	0	0	0	0	0
rs78631534	0	0	0	0	0
rs78634790	0	0	0	0	0
rs78635374	0	0	0	0	0
rs7865524	0	0	0	0	0
rs78658503	0	0	0	0	0
rs78670098	0	0	0	0	0
rs78676205	0	0	0	0	0
rs78679427	0	0	0	0	0
rs78697685	0	0	0	0	0
rs78707022	0	0	0	0	0
rs78707784	0	0	0	0	0
rs78717536	0	0	0	0	0
rs78741876	0	0	0	0	0
rs78743273	0	0	0	0	0
rs7875505	0	0	0	0	0
rs78757942	0	0	0	0	0
rs78774635	0	0	0	0	0
rs78779888	0	0	0	0	0
rs78799084	0	0	0	0	0
rs78807865	0	0	0	0	2
rs78816618	0	0	0	0	0
rs78818336	0	0	0	0	0
rs78819009	0	0	0	0	0
rs78843391	0	0	0	0	0
rs78844231	0	0	0	0	0
rs78861926	0	0	0	0	0
rs78868801	0	0	0	0	0
rs78879626	0	0	0	0	0
rs78903489	0	0	0	0	0
rs78926221	0	0	0	0	0
rs78944317	0	0	0	0	0
rs7895749	0	0	0	0	0
rs78971713	0	0	0	0	0
rs7899224	0	0	0	0	0
rs79003387	0	0	0	0	0
rs79004915	0	0	0	0	0
rs79014060	0	0	0	0	0
rs79025417	0	0	0	0	0
rs79030376	0	0	0	0	0
rs790366	0	0	0	0	0
rs7905284	0	0	0	0	0
rs79084061	0	0	0	0	0
rs79084700	0	0	0	0	0
rs79098346	0	0	0	0	0
rs79108376	0	0	0	0	1
rs79112583	0	0	0	0	0
rs7911565	0	0	0	0	0
rs79116132	0	0	0	0	0
rs79123392	0	0	0	0	0
rs79141502	0	0	0	0	0
rs79145825	0	0	0	0	0
rs79146151	0	0	0	0	0
rs7914711	0	0	0	0	0
rs79158002	0	0	0	0	0
rs7918519	0	0	0	0	0
rs7920043	0	0	0	0	0
rs7920275	0	0	0	0	0
rs79225954	0	0	0	0	0
rs79235719	0	0	0	0	0
rs79236629	0	0	0	0	0
rs79238704	0	0	0	0	0
rs79246828	0	0	0	0	0
rs7924744	0	0	0	0	2
rs79247928	0	0	0	0	0
rs7924859	0	0	0	0	0
rs79254759	0	0	0	0	2
rs7926366	0	0	0	0	0
rs7927115	0	0	0	0	0
rs7927188	0	0	0	0	0
rs7927402	0	0	0	0	0
rs7927514	0	0	0	0	0
rs79292461	0	0	0	0	0
rs7929362	0	0	0	0	0
rs7929524	0	0	0	0	0
rs79296039	0	0	0	0	0
rs7931341	0	0	0	0	2
rs79324014	0	0	0	0	0
rs79383705	0	0	0	0	0
rs7938790	0	0	0	0	2
rs7938835	0	0	0	0	0
rs79391687	0	0	0	0	2
rs79392739	0	0	0	0	0
rs7940010	0	0	0	0	0
rs7940328	0	0	0	0	0
rs79408780	0	0	0	0	0
rs7942563	0	0	0	0	0
rs79440406	0	0	0	0	0
rs79447221	0	0	0	0	0
rs7944806	0	0	0	0	0
rs79469738	0	0	0	0	0
rs79469981	0	0	0	0	0
rs79470225	0	0	0	0	0
rs79480107	0	0	0	0	0
rs7949618	0	0	0	0	0
rs7950045	0	0	0	0	0
rs79505001	0	0	0	0	0
rs79506959	0	0	0	0	0
rs79510057	0	0	0	0	0
rs7951445	0	0	0	0	0
rs7951958	0	0	0	0	0
rs7952394	0	0	0	0	0
rs7953324	0	0	0	0	0
rs79544767	0	0	0	0	0
rs7954908	0	0	0	0	0
rs7955662	0	0	0	0	0
rs79562019	0	0	0	0	1
rs7956380	0	0	0	0	0
rs7957451	0	0	0	0	0
rs79578285	0	0	0	0	0
rs7960770	0	0	0	0	0
rs79608911	0	0	0	0	0
rs79608947	0	0	0	0	0
rs79609181	0	0	0	0	0
rs79611117	0	0	0	0	0
rs79624121	0	0	0	0	0
rs79651968	0	0	0	0	1
rs79655227	0	0	0	0	0
rs79668659	0	0	0	0	0
rs79685825	0	0	0	0	0
rs79711897	0	0	0	0	0
rs7972178	0	0	0	0	0
rs79723601	0	0	0	0	0
rs79730613	0	0	0	0	0
rs79736586	0	0	0	0	0
rs7973746	0	0	0	0	0
rs79743477	0	0	0	0	0
rs79750108	0	0	0	0	0
rs79757156	0	0	0	0	0
rs79766410	0	0	0	0	0
rs79767464	0	0	0	0	0
rs79767539	0	0	0	0	1
rs79772095	0	0	0	0	0
rs79773617	0	0	0	0	0
rs79774850	0	0	0	0	0
rs79776124	0	0	0	0	0
rs7977721	0	0	0	0	0
rs79799497	0	0	0	0	0
rs79821526	0	0	0	0	0
rs79835319	0	0	0	0	0
rs79848168	0	0	0	0	0
rs79866395	0	0	0	0	0
rs79870422	0	0	0	0	0
rs79892036	0	0	0	0	0
rs79929487	0	0	0	0	0
rs79943669	0	0	0	0	0
rs79955732	0	0	0	0	0
rs79961310	0	0	0	0	0
rs79961459	0	0	0	0	0
rs79963257	0	0	0	0	0
rs79986540	0	0	0	0	0
rs7999632	0	0	0	0	1
rs80026113	2	0.5	0	1	0
rs80028415	0	0	0	0	0
rs80032228	0	0	0	0	0
rs80035724	0	0	0	0	0
rs80040118	0	0	0	0	0
rs8004632	0	0	0	0	0
rs80058855	0	0	0	0	0
rs80102902	0	0	0	0	0
rs80107348	0	0	0	0	0
rs80120794	0	0	0	0	0
rs80130857	0	0	0	0	0
rs80150969	0	0	0	0	0
rs80163636	0	0	0	0	0
rs8017868	0	0	0	0	0
rs80183364	0	0	0	0	0
rs80187891	0	0	0	0	0
rs80197408	0	0	0	0	1
rs80199319	0	0	0	0	0
rs80214103	0	0	0	0	0
rs80230815	0	0	0	0	0
rs80237401	0	0	0	0	0
rs8024890	0	0	0	0	0
rs80263017	0	0	0	0	1
rs80280493	0	0	0	0	0
rs8029603	0	0	0	0	0
rs80297171	0	0	0	0	0
rs80307636	0	0	0	0	0
rs80311310	0	0	0	0	0
rs80313225	0	0	0	0	0
rs80339205	0	0	0	0	0
rs80344018	0	0	0	0	0
rs80347177	0	0	0	0	0
rs80347315	0	0	0	0	0
rs80347601	0	0	0	0	0
rs80355544	2	0.5	0	0	0
rs8051701	0	0	0	0	0
rs8053738	0	0	0	0	0
rs8056302	0	0	0	0	0
rs8060000	0	0	0	0	0
rs8065772	0	0	0	0	0
rs8068307	0	0	0	0	0
rs8072766	0	0	0	0	0
rs8081678	0	0	0	0	0
rs8083324	0	0	0	0	0
rs8092288	0	0	0	0	0
rs8093993	0	0	0	0	0
rs8094257	0	0	0	0	0
rs8097554	0	0	0	0	0
rs8099689	0	0	0	0	0
rs8103763	0	0	0	0	0
rs8107318	0	0	0	0	0
rs8113809	0	0	0	0	0
rs8129177	0	0	0	0	0
rs8129288	0	0	0	0	0
rs8133612	0	0	0	0	0
rs8176797	0	0	0	0	0
rs82825	0	0	0	0	2
rs829411	0	0	0	0	0
rs874202	0	0	0	0	1
rs879921	0	0	0	0	0
rs887515	0	0	0	0	2
rs894761	1	0.5	0	1	0
rs903468	0	0	0	0	0
rs906571	0	0	0	0	0
rs914478	0	0	0	0	0
rs914479	0	0	0	0	0
rs920475	0	0	0	0	0
rs9294425	0	0	0	0	0
rs9299995	0	0	0	0	0
rs9308169	0	0	0	0	1
rs9308170	0	0	0	0	1
rs9316361	0	0	0	0	2
rs9318247	0	0	0	0	0
rs9327835	0	0	0	0	2
rs9349271	0	0	0	0	1
rs9349272	0	0	0	0	1
rs9349275	0	0	0	0	1
rs9357432	0	0	0	0	1
rs9369448	0	0	0	0	1
rs9369449	0	0	0	0	1
rs9369450	0	0	0	0	1
rs9369453	0	0	0	0	1
rs9369454	0	0	0	0	1
rs9369456	0	0	0	0	1
rs9369457	0	0	0	0	1
rs9369459	0	0	0	0	1
rs9381294	0	0	0	0	1
rs9394984	0	0	0	0	1
rs9423846	0	0	0	0	0
rs946204	0	0	0	0	0
rs9554848	0	0	0	0	1
rs9556866	0	0	0	0	0
rs9557817	0	0	0	0	1
rs9557818	0	0	0	0	1
rs9557819	0	0	0	0	0
rs9557822	0	0	0	0	1
rs9557823	0	0	0	0	1
rs9557825	0	0	0	0	1
rs9557950	0	0	0	0	0
rs9562803	0	0	0	0	2
rs9567990	0	0	0	0	2
rs9567992	0	0	0	0	2
rs9567995	0	0	0	0	2
rs9568007	0	0	0	0	2
rs9568011	0	0	0	0	2
rs9600230	0	0	0	0	0
rs9607390	0	0	0	0	1
rs9607391	0	0	0	0	1
rs9607392	0	0	0	0	1
rs9607393	0	0	0	0	1
rs9607395	0	0	0	0	1
rs9607396	0	0	0	0	1
rs9607397	0	0	0	0	1
rs9607398	0	0	0	0	1
rs9610606	0	0	0	0	1
rs9610607	0	0	0	0	1
rs9612845	0	0	0	0	0
rs9612849	0	0	0	0	0
rs961585	0	0	0	0	0
rs9631769	0	0	0	0	1
rs963785	0	0	0	0	0
rs9642329	0	0	0	0	0
rs9642332	0	0	0	0	0
rs964624	0	0	0	0	0
rs964625	0	0	0	0	0
rs9648674	0	0	0	0	0
rs9653499	0	0	0	0	0
rs9653533	0	0	0	0	0
rs9653534	0	0	0	0	0
rs9660532	0	0	0	0	0
rs9663477	0	0	0	0	0
rs9665961	0	0	0	0	2
rs966735	0	0	0	0	0
rs9705124	0	0	0	0	0
rs971008	0	0	0	0	0
rs971497	0	0	0	0	0
rs9754467	0	0	0	0	0
rs9790396	0	0	0	0	1
rs9790822	0	0	0	0	1
rs9791840	0	0	0	0	0
rs9803711	0	0	0	0	1
rs981272	0	0	0	0	0
rs983509	0	0	0	0	0
rs983729	0	0	0	0	0
rs9838387	0	0	0	0	1
rs9844183	0	0	0	0	2
rs985510	0	0	0	0	0
rs985619	0	0	0	0	1
rs9861879	0	0	0	0	2
rs9884154	0	0	0	0	0
rs988513	0	0	0	0	0
rs988514	0	0	0	0	0
rs988515	0	0	0	0	0
rs988516	0	0	0	0	0
rs9889138	0	0	0	0	0
rs989895	0	0	0	0	0
rs991503	0	0	0	0	2
rs9921393	0	0	0	0	0
rs9922803	0	0	0	0	0
rs9922967	0	0	0	0	0
rs9923035	0	0	0	0	0
rs9924508	0	0	0	0	0
rs9924919	0	0	0	0	0
rs9925675	0	0	0	0	0
rs9926939	0	0	0	0	0
rs9930195	0	0	0	0	0
rs9933924	0	0	0	0	0
rs9936712	0	0	0	0	0
rs9937808	0	0	0	0	0
rs993870	0	0	0	0	0
rs993873	0	0	0	0	0
rs9939114	0	0	0	0	0
rs9940708	0	0	0	0	0
rs9942435	0	0	0	0	0
rs9942462	0	0	0	0	0
rs9942471	0	0	0	0	0
rs9942539	0	0	0	0	0
rs9942682	0	0	0	0	0
rs9943664	0	0	0	0	0
rs9948170	0	0	0	0	0
rs9992189	0	0	0	0	1
rs9992285	0	0	0	0	1
rs9995730	0	0	0	0	0
