SNP	gr.score	gre.score	rnap2.score	de.score	eqtl.score
rs10004364	0	0	0	0	1
rs10010359	0	0	0	0	0
rs10012713	0	0	0	0	1
rs10016850	0	0	0	0	1
rs10031363	0	0	0	0	1
rs10037102	0	0	0	0	2
rs10037106	0	0	0	0	2
rs10038121	0	0	0	0	2
rs10038799	0	0	0	0	2
rs1004169	0	0	0	0	0
rs10043676	0	0	0	0	2
rs10045209	0	0	0	0	2
rs10045761	2	0.5	0	0	2
rs10054478	0	0	0	0	2
rs10058347	0	0	0	0	2
rs10062855	0	0	0	0	2
rs10064539	0	0	0	0	2
rs10068237	0	0	0	0	2
rs10069528	0	0	0	0	2
rs10070021	0	0	0	0	2
rs10075039	0	0	0	0	2
rs10075541	0	0	0	0	2
rs10075893	0	0	0	0	2
rs10075951	0	0	0	0	2
rs10077896	0	0	0	0	2
rs10077983	0	0	0	0	0
rs10079634	0	0	0	0	2
rs1011063	0	0	0	0	2
rs10129201	0	0	0	0	0
rs10129456	0	0	0	0	0
rs10130162	0	0	0	0	0
rs10131349	0	0	0	0	0
rs10131585	0	0	0	0	0
rs10131595	0	0	0	0	0
rs10131972	0	0	0	0	0
rs10132260	0	0	0	0	0
rs10132311	0	0	0	0	0
rs10132401	0	0	0	0	0
rs10132454	0	0	0	0	0
rs10132492	0	0	0	0	0
rs10132637	0	0	0	0	0
rs10132697	0	0	0	0	0
rs10133723	0	0	0	0	0
rs10134083	0	0	0	0	0
rs10135422	0	0	0	0	0
rs10135494	0	0	0	0	0
rs10135653	0	0	0	0	0
rs10138405	0	0	0	0	0
rs10138435	0	0	0	0	0
rs10139121	0	0	0	0	0
rs10139464	0	0	0	0	0
rs10140308	0	0	0	0	0
rs10140534	0	0	0	0	0
rs10140661	0	0	0	0	0
rs10142624	0	0	0	0	0
rs10142928	0	0	0	0	0
rs10143572	0	0	0	0	0
rs10144179	0	0	0	0	0
rs10145279	0	0	0	0	0
rs10145792	0	0	0	0	0
rs10145979	0	0	0	0	0
rs10146384	0	0	0	0	0
rs10146732	0	0	0	0	0
rs10146930	0	0	0	0	0
rs10147547	0	0	0	0	0
rs10147794	0	0	0	0	0
rs10147950	0	0	0	0	0
rs10148765	0	0	0	0	0
rs10149416	0	0	0	0	0
rs10149748	0	0	0	0	0
rs10150272	0	0	0	0	0
rs10160052	0	0	0	0	0
rs1016129	0	0	0	0	0
rs10182028	0	0	0	0	0
rs10183416	0	0	0	0	0
rs10185778	0	0	0	0	0
rs10205223	0	0	0	0	0
rs10215945	0	0	0	0	0
rs10222232	0	0	0	0	1
rs10222238	0	0	0	0	1
rs10224270	0	0	0	0	0
rs10227306	0	0	0	0	0
rs10227381	0	0	0	0	0
rs10227532	0	0	0	0	0
rs10229899	0	0	0	0	0
rs10236567	0	0	0	0	2
rs10242641	0	0	0	0	0
rs10243463	0	0	0	0	0
rs10250970	0	0	0	0	0
rs1025732	0	0	0	0	0
rs10257863	0	0	0	0	0
rs10259829	0	0	0	0	0
rs10259971	0	0	0	0	0
rs10261034	0	0	0	0	0
rs10276718	0	0	0	0	0
rs1027852	0	0	0	0	0
rs1030271	0	0	0	0	1
rs1030299	0	0	0	0	0
rs1032285	0	0	0	0	0
rs10403242	0	0	0	0	0
rs10450886	0	0	0	0	0
rs10450913	0	0	0	0	0
rs10455503	0	0	0	0	0
rs10461280	0	0	0	0	1
rs10477804	0	0	0	0	2
rs10501034	0	0	0	0	0
rs10501035	0	0	0	0	0
rs10501998	0	0	0	0	2
rs10501999	0	0	0	0	2
rs10510992	0	0	0	0	0
rs10515063	0	0	0	0	0
rs10517750	0	0	0	0	0
rs10519678	0	0	0	0	1
rs10546047	0	0	0	0	2
rs10583324	0	0	0	0	0
rs10586833	0	0	0	0	0
rs10638200	0	0	0	0	0
rs10642753	0	0	0	0	0
rs10655253	0	0	0	0	1
rs10681685	0	0	0	0	0
rs10716041	0	0	0	0	1
rs10717069	0	0	0	0	0
rs10732480	0	0	0	0	0
rs10734366	0	0	0	0	0
rs10734367	0	0	0	0	0
rs10734368	0	0	0	0	0
rs10734369	0	0	0	0	0
rs10734370	0	0	0	0	0
rs10734371	0	0	0	0	0
rs10738585	0	0	0	0	0
rs10742127	0	0	0	0	0
rs10742128	0	0	0	0	0
rs10742129	0	0	0	0	0
rs10742130	0	0	0	0	0
rs10742131	0	0	0	0	0
rs10742132	0	0	0	0	0
rs10742133	0	0	0	0	0
rs10744181	0	0	0	0	0
rs10767499	0	0	0	0	0
rs10767500	0	0	0	0	0
rs10767501	0	0	0	0	0
rs10767502	0	0	0	0	0
rs10767504	0	0	0	0	0
rs10767505	0	0	0	0	0
rs10767506	0	0	0	0	0
rs10767508	0	0	0	0	0
rs10767512	0	0	0	0	0
rs10767515	0	0	0	0	0
rs10772745	0	0	0	0	0
rs10772753	0	0	0	0	0
rs10773891	0	0	0	0	0
rs1080954	0	0	0	0	1
rs1081492	0	0	0	0	1
rs10827895	0	0	0	0	0
rs10830855	0	0	0	0	1
rs10834895	0	0	0	0	0
rs10834896	0	0	0	0	0
rs10834897	0	0	0	0	0
rs10834898	0	0	0	0	0
rs10834900	0	0	0	0	0
rs10834901	0	0	0	0	0
rs10834902	0	0	0	0	0
rs10834904	0	0	0	0	0
rs10842507	0	0	0	0	0
rs10845729	0	0	0	0	0
rs10845925	0	0	0	0	0
rs10848374	0	0	0	0	0
rs10848376	0	0	0	0	0
rs10857305	0	0	0	0	0
rs10862810	0	0	0	0	0
rs10900856	0	0	0	0	2
rs10932806	0	0	0	0	2
rs10933455	0	0	0	0	0
rs10944437	0	0	0	0	0
rs10948121	0	0	0	0	1
rs11012109	0	0	0	0	0
rs11012155	0	0	0	0	0
rs11012167	0	0	0	0	0
rs11029100	0	0	0	0	0
rs11029117	0	0	0	0	0
rs11029118	0	0	0	0	0
rs11047877	0	0	0	0	0
rs11047892	0	0	0	0	0
rs11047893	0	0	0	0	0
rs11055318	0	0	0	0	0
rs11055837	0	0	0	0	0
rs11056504	0	0	0	0	0
rs11056510	0	0	0	0	0
rs11056516	0	0	0	0	0
rs11081652	0	0	0	0	0
rs11085247	0	0	0	0	1
rs1108575	0	0	0	0	0
rs11097732	0	0	0	0	0
rs11097733	0	0	0	0	0
rs11100132	0	0	0	0	0
rs11100134	0	0	0	0	0
rs11100782	0	0	0	0	1
rs11100785	0	0	0	0	1
rs11116149	0	0	0	0	0
rs11116150	0	0	0	0	0
rs11116152	0	0	0	0	0
rs11116177	0	0	0	0	0
rs11116181	0	0	0	0	0
rs11116183	0	0	0	0	0
rs1111931	0	0	0	0	0
rs11121655	0	0	0	0	1
rs111289809	0	0	0	0	0
rs11129573	0	0	0	0	0
rs11129575	0	0	0	0	0
rs111330447	0	0	0	0	0
rs111331238	0	0	0	0	0
rs1113378	0	0	0	0	0
rs111369901	0	0	0	0	0
rs111386387	0	0	0	0	0
rs111427440	0	0	0	0	0
rs111468777	0	0	0	0	0
rs11146957	0	0	0	0	0
rs111471524	0	0	0	0	0
rs111483825	0	0	0	0	2
rs1115195	0	0	0	0	0
rs11153579	0	0	0	0	0
rs11157335	0	0	0	0	0
rs11157429	0	0	0	0	0
rs111575763	0	0	0	0	0
rs111593386	0	0	0	0	2
rs11160616	0	0	0	0	0
rs111790769	0	0	0	0	0
rs111842705	0	0	0	0	0
rs11185622	0	0	0	0	0
rs11185625	0	0	0	0	0
rs111866400	0	0	0	0	0
rs111878168	0	0	0	0	0
rs111952358	0	0	0	0	0
rs111976610	0	0	0	0	0
rs111992066	0	0	0	0	1
rs112032321	0	0	0	0	0
rs112058985	0	0	0	0	1
rs112118787	0	0	0	0	0
rs112197146	0	0	0	0	0
rs1122348	0	0	0	0	0
rs11225201	2	1	2	5	2
rs11225202	0	0	0	0	2
rs11225203	0	0	0	0	2
rs112320077	0	0	0	0	0
rs11233815	0	0	0	0	0
rs11233818	0	0	0	0	0
rs11233819	0	0	0	0	0
rs11233820	0	0	0	0	0
rs11233821	0	0	0	0	0
rs11233822	0	0	0	0	0
rs11233827	0	0	0	0	0
rs11233830	0	0	0	0	0
rs11233831	0	0	0	0	0
rs11233832	0	0	0	0	0
rs11233837	0	0	0	0	0
rs11233842	0	0	0	0	0
rs112362973	0	0	0	0	1
rs112385307	0	0	0	0	0
rs11242441	0	0	0	0	2
rs11242442	0	0	0	0	2
rs11242444	0	0	0	0	2
rs11242447	0	0	0	0	2
rs11242448	0	0	0	0	2
rs112441769	0	0	0	0	1
rs112476746	0	0	0	0	0
rs112504630	0	0	0	0	0
rs112541880	0	0	0	0	0
rs112548980	0	0	0	0	1
rs1125548	0	0	0	0	0
rs112641941	0	0	0	0	0
rs112657762	0	0	0	0	0
rs11283662	0	0	0	0	0
rs11303315	0	0	0	0	1
rs113070256	0	0	0	0	0
rs113110428	0	0	0	0	0
rs113193559	0	0	0	0	0
rs11321336	0	0	0	0	0
rs11321337	0	0	0	0	0
rs113216112	0	0	0	0	0
rs113257228	0	0	0	0	0
rs11339463	0	0	0	0	0
rs11341044	0	0	0	0	0
rs113425481	0	0	0	0	2
rs11342550	0	0	0	0	0
rs11343271	0	0	0	0	0
rs11345901	0	0	0	0	0
rs113565640	0	0	0	0	2
rs113568526	0	0	0	0	1
rs11359092	0	0	0	0	0
rs11361202	0	0	0	0	0
rs113630140	0	0	0	0	0
rs11372547	0	0	0	0	0
rs113818360	0	0	0	0	0
rs113838095	0	0	0	0	0
rs113882524	0	0	0	0	0
rs113893472	0	0	0	0	0
rs11390970	0	0	0	0	0
rs1139270	0	0	0	0	2
rs113934974	0	0	0	0	2
rs114006056	0	0	0	0	0
rs114038031	0	0	0	0	0
rs114087988	2	0.5	0	0	0
rs114098136	0	0	0	0	0
rs114106991	0	0	0	0	0
rs114140251	0	0	0	0	0
rs11419717	0	0	0	0	1
rs114221628	0	0	0	0	0
rs114312101	0	0	0	0	0
rs114398201	0	0	0	0	0
rs114493026	0	0	0	0	0
rs114536396	0	0	0	0	0
rs114537871	1	0	0	0	0
rs114611189	0	0	0	0	0
rs114615510	0	0	0	0	0
rs114683993	0	0	0	0	0
rs114686718	0	0	0	0	0
rs114740145	0	0	0	0	1
rs114767313	0	0	0	0	0
rs114780293	0	0	0	0	0
rs114911177	0	0	0	0	0
rs114967166	0	0	0	0	0
rs115005496	0	0	0	0	0
rs115058698	0	0	0	0	0
rs115101227	0	0	0	0	0
rs115128840	0	0	0	0	0
rs115164863	0	0	0	0	0
rs115175537	0	0	0	0	0
rs115217634	0	0	0	0	0
rs115273856	0	0	0	0	0
rs115302983	0	0	0	0	0
rs115316535	0	0	0	0	0
rs115332333	0	0	0	0	0
rs115344261	0	0	0	0	0
rs115414844	0	0	0	0	0
rs115516662	0	0	0	0	0
rs115576012	0	0	0	0	0
rs115632182	0	0	0	0	0
rs115643064	0	0	0	0	0
rs115655458	0	0	0	0	0
rs1156783	0	0	0	0	0
rs115755032	0	0	0	0	0
rs115766366	0	0	0	0	0
rs115767103	0	0	0	0	0
rs115769147	0	0	0	0	0
rs115823838	0	0	0	0	0
rs11594468	0	0	0	0	0
rs11600522	0	0	0	0	2
rs11602147	0	0	0	0	2
rs116045808	0	0	0	0	0
rs11606268	0	0	0	0	2
rs116155555	0	0	0	0	0
rs116163535	0	0	0	0	0
rs11617714	0	0	0	0	2
rs11618304	0	0	0	0	2
rs11618554	0	0	0	0	2
rs11618672	0	0	0	0	2
rs116225789	0	0	0	0	0
rs11624843	0	0	0	0	1
rs11625378	0	0	0	0	0
rs116274842	0	0	0	0	0
rs116354819	0	0	0	0	0
rs116389194	0	0	0	0	0
rs116404973	0	0	0	0	0
rs116480984	0	0	0	0	0
rs116588679	0	0	0	0	0
rs11662309	0	0	0	0	0
rs116627730	0	0	0	0	0
rs116641139	0	0	0	0	0
rs116647640	0	0	0	0	0
rs116657151	0	0	0	0	0
rs11668620	0	0	0	0	1
rs11670430	0	0	0	0	1
rs116732179	0	0	0	0	0
rs116805426	0	0	0	0	0
rs11682483	0	0	0	0	0
rs116838175	0	0	0	0	0
rs116844260	0	0	0	0	0
rs116872926	0	0	0	0	0
rs116880541	0	0	0	0	0
rs11688464	0	0	0	0	2
rs116964200	0	0	0	0	0
rs117051836	0	0	0	0	0
rs11705450	0	0	0	0	1
rs11705504	0	0	0	0	0
rs117056632	0	0	0	0	0
rs11706001	0	0	0	0	2
rs11707844	0	0	0	0	0
rs11707931	0	0	0	0	2
rs117082255	0	0	0	0	0
rs117087068	0	0	0	0	0
rs117090524	0	0	0	0	0
rs11711171	0	0	0	0	0
rs11711934	0	0	0	0	2
rs11714402	0	0	0	0	2
rs11717668	0	0	0	0	0
rs117192069	0	0	0	0	0
rs117217728	0	0	0	0	0
rs11724415	0	0	0	0	0
rs11728962	0	0	0	0	0
rs11730505	0	0	0	0	0
rs11730569	0	0	0	0	0
rs11734105	0	0	0	0	0
rs11737503	0	0	0	0	0
rs117375807	0	0	0	0	0
rs11738376	0	0	0	0	2
rs11738827	0	0	0	0	2
rs11739935	0	0	0	0	2
rs11740791	0	0	0	0	2
rs11741077	0	0	0	0	2
rs117411019	0	0	0	0	0
rs11741105	0	0	0	0	2
rs11741150	0	0	0	0	2
rs11743803	0	0	0	0	0
rs11743851	0	0	0	0	1
rs117453199	0	0	0	0	0
rs11746434	0	0	0	0	2
rs11746464	0	0	0	0	2
rs11748097	0	0	0	0	2
rs11749944	0	0	0	0	2
rs11750382	0	0	0	0	2
rs117532633	0	0	0	0	0
rs117534922	0	0	0	0	0
rs117539033	0	0	0	0	0
rs117568839	0	0	0	0	0
rs117595550	0	0	0	0	0
rs117597714	0	0	0	0	0
rs117618041	0	0	0	0	0
rs117734218	0	0	0	0	0
rs117748533	0	0	0	0	0
rs117755665	0	0	0	0	0
rs117759352	0	0	0	0	0
rs117761593	0	0	0	0	0
rs11787555	0	0	0	0	0
rs117884550	0	0	0	0	0
rs117969816	0	0	0	0	0
rs117979639	0	0	0	0	0
rs11799389	0	0	0	0	0
rs11800169	0	0	0	0	0
rs11800364	0	0	0	0	0
rs11800443	0	0	0	0	0
rs11800714	0	0	0	0	0
rs11800777	0	0	0	0	0
rs118009405	0	0	0	0	0
rs11801012	0	0	0	0	0
rs11801282	0	0	0	0	0
rs11801541	0	0	0	0	0
rs11802399	0	0	0	0	0
rs11803651	0	0	0	0	0
rs11804181	0	0	0	0	0
rs118045085	0	0	0	0	0
rs11804807	0	0	0	0	0
rs11805012	0	0	0	0	0
rs11805662	0	0	0	0	0
rs118061400	0	0	0	0	0
rs118063049	0	0	0	0	0
rs11806633	0	0	0	0	0
rs11806721	0	0	0	0	0
rs11807068	0	0	0	0	0
rs11807375	0	0	0	0	0
rs11807425	0	0	0	0	0
rs11807957	0	0	0	0	0
rs11808210	0	0	0	0	0
rs11808670	0	0	0	0	0
rs11808674	0	0	0	0	0
rs11808843	0	0	0	0	0
rs11808908	0	0	0	0	0
rs11809113	0	0	0	0	0
rs118092028	0	0	0	0	0
rs118098171	0	0	0	0	0
rs11809905	0	0	0	0	0
rs11810440	0	0	0	0	0
rs11811210	0	0	0	0	0
rs11811620	0	0	0	0	0
rs11812048	0	0	0	0	0
rs11813323	0	0	0	0	0
rs118136649	0	0	0	0	0
rs118153602	0	0	0	0	2
rs118177503	0	0	0	0	0
rs11857451	0	0	0	0	0
rs1186903	0	0	0	0	0
rs11874459	0	0	0	0	0
rs11875018	0	0	0	0	0
rs11879213	0	0	0	0	0
rs11897377	0	0	0	0	0
rs11900697	0	0	0	0	0
rs11922173	0	0	0	0	0
rs11932694	0	0	0	0	0
rs11940477	0	0	0	0	1
rs11948429	0	0	0	0	2
rs1194874	0	0	0	0	0
rs11949916	0	0	0	0	2
rs11950815	0	0	0	0	2
rs11950819	2	0.5	0	0	2
rs11951899	0	0	0	0	2
rs11952020	0	0	0	0	2
rs11953786	0	0	0	0	2
rs11955952	0	0	0	0	2
rs11956089	0	0	0	0	2
rs11956159	0	0	0	0	2
rs11957527	0	0	0	0	2
rs11957633	0	0	0	0	2
rs11957953	0	0	0	0	2
rs11958529	0	0	0	0	2
rs11959691	0	0	0	0	2
rs11959727	2	0.5	0	0	2
rs11959803	0	0	0	0	2
rs11975861	0	0	0	0	0
rs11981316	0	0	0	0	0
rs12056457	0	0	0	0	0
rs12092937	0	0	0	0	0
rs12098902	0	0	0	0	0
rs12100992	0	0	0	0	0
rs12101074	0	0	0	0	0
rs12118170	0	0	0	0	0
rs12134378	0	0	0	0	0
rs12137724	0	0	0	0	0
rs12145267	0	0	0	0	0
rs12151832	0	0	0	0	0
rs12173085	0	0	0	0	0
rs12191873	0	0	0	0	1
rs12192394	0	0	0	0	0
rs12192596	0	0	0	0	0
rs12195422	0	0	0	0	0
rs12199128	0	0	0	0	1
rs12199465	0	0	0	0	0
rs12200969	0	0	0	0	0
rs12202501	0	0	0	0	1
rs12202695	0	0	0	0	0
rs12205354	0	0	0	0	0
rs12205364	0	0	0	0	0
rs12206251	0	0	0	0	1
rs12206795	0	0	0	0	1
rs12222190	0	0	0	0	0
rs12222865	0	0	0	0	0
rs12225678	0	0	0	0	0
rs12228408	0	0	0	0	0
rs12229133	0	0	0	0	0
rs12253619	0	0	0	0	0
rs12260672	0	0	0	0	0
rs12261615	0	0	0	0	0
rs12261731	0	0	0	0	0
rs12263315	0	0	0	0	0
rs12266778	0	0	0	0	0
rs12268946	0	0	0	0	0
rs12280343	0	0	0	0	2
rs12287691	0	0	0	0	0
rs12296182	0	0	0	0	0
rs12308066	0	0	0	0	0
rs12309527	0	0	0	0	0
rs12319590	0	0	0	0	1
rs123602	0	0	0	0	2
rs12363247	0	0	0	0	0
rs12368715	0	0	0	0	1
rs12424679	0	0	0	0	0
rs12427150	0	0	0	0	0
rs12450042	0	0	0	0	0
rs12457497	0	0	0	0	0
rs12458056	0	0	0	0	0
rs12465287	0	0	0	0	0
rs12467193	0	0	0	0	0
rs12474363	0	0	0	0	0
rs12479901	0	0	0	0	0
rs12485304	0	0	0	0	0
rs12485408	0	0	0	0	0
rs12485413	0	0	0	0	0
rs12486443	0	0	0	0	0
rs12495692	0	0	0	0	0
rs12496216	0	0	0	0	0
rs12496702	0	0	0	0	0
rs12499485	0	0	0	0	1
rs12500386	0	0	0	0	0
rs12500586	0	0	0	0	0
rs12501994	0	0	0	0	1
rs12505142	0	0	0	0	1
rs12506120	0	0	0	0	1
rs12523195	0	0	0	0	2
rs12543088	0	0	0	0	0
rs12545934	0	0	0	0	0
rs12547913	0	0	0	0	0
rs12576911	0	0	0	0	2
rs12580581	0	0	0	0	0
rs12582183	0	0	0	0	0
rs12591707	0	0	0	0	0
rs12602077	0	0	0	0	0
rs12603090	0	0	0	0	0
rs12615179	0	0	0	0	0
rs12615207	0	0	0	0	0
rs12615327	0	0	0	0	0
rs12624916	0	0	0	0	0
rs1263337	0	0	0	0	2
rs12642686	0	0	0	0	0
rs12642747	0	0	0	0	0
rs12643349	0	0	0	0	0
rs12645253	0	0	0	0	0
rs12647531	0	0	0	0	0
rs12647578	0	0	0	0	0
rs12649590	0	0	0	0	0
rs12651134	0	0	0	0	0
rs12668666	0	0	0	0	0
rs12672302	0	0	0	0	0
rs12677839	0	0	0	0	0
rs12679387	0	0	0	0	0
rs12713215	0	0	0	0	0
rs12718316	0	0	0	0	0
rs12718320	0	0	0	0	0
rs12719518	0	0	0	0	2
rs12719519	0	0	0	0	2
rs12731945	0	0	0	0	0
rs12752849	0	0	0	0	0
rs12755921	0	0	0	0	1
rs12766594	0	0	0	0	0
rs12779437	0	0	0	0	0
rs12785755	0	0	0	0	0
rs12787745	0	0	0	0	2
rs12789170	0	0	0	0	2
rs12789498	0	0	0	0	2
rs12794196	0	0	0	0	2
rs12803371	0	0	0	0	0
rs12803860	0	0	0	0	0
rs12804441	0	0	0	0	0
rs12812562	0	0	0	0	0
rs12817048	0	0	0	0	0
rs12831540	0	0	0	0	0
rs12831624	0	0	0	0	0
rs12832184	0	0	0	0	0
rs12856872	0	0	0	0	0
rs12873685	0	0	0	0	1
rs12879413	0	0	0	0	0
rs12950443	0	0	0	0	0
rs12964288	0	0	0	0	0
rs12977069	0	0	0	0	1
rs12979222	0	0	0	0	0
rs13059674	0	0	0	0	2
rs13059998	0	0	0	0	0
rs13060380	0	0	0	0	0
rs13062167	0	0	0	0	0
rs13063064	0	0	0	0	0
rs13076890	0	0	0	0	2
rs13080583	0	0	0	0	0
rs13102076	0	0	0	0	0
rs13102116	0	0	0	0	1
rs13102238	0	0	0	0	1
rs13102579	0	0	0	0	1
rs13108677	0	0	0	0	0
rs13116414	0	0	0	0	1
rs13119242	0	0	0	0	0
rs13119330	0	0	0	0	1
rs13120488	0	0	0	0	0
rs13121583	0	0	0	0	1
rs13123498	0	0	0	0	0
rs13125187	0	0	0	0	0
rs13133090	0	0	0	0	1
rs13138711	0	0	0	0	0
rs13140119	0	0	0	0	0
rs13143269	0	0	0	0	0
rs13143619	0	0	0	0	0
rs13151579	0	0	0	0	0
rs13153324	0	0	0	0	2
rs13153618	0	0	0	0	2
rs13157685	0	0	0	0	2
rs13159910	0	0	0	0	0
rs13161013	0	0	0	0	2
rs13161286	0	0	0	0	2
rs13163536	0	0	0	0	2
rs13164605	0	0	0	0	0
rs13170388	0	0	0	0	2
rs13174479	0	0	0	0	2
rs13175084	0	0	0	0	1
rs1317597	0	0	0	0	0
rs1317598	0	0	0	0	0
rs13176497	0	0	0	0	2
rs13176902	0	0	0	0	2
rs13177503	0	0	0	0	2
rs13182437	0	0	0	0	2
rs131827	0	0	0	0	0
rs13182789	0	0	0	0	2
rs131829	0	0	0	0	0
rs131830	0	0	0	0	0
rs13187096	0	0	0	0	2
rs13189485	0	0	0	0	2
rs13196287	0	0	0	0	0
rs13197702	0	0	0	0	0
rs13198294	0	0	0	0	0
rs13202080	0	0	0	0	0
rs13211978	0	0	0	0	0
rs13215071	0	0	0	0	0
rs13236051	0	0	0	0	0
rs13243449	0	0	0	0	0
rs132650	0	0	0	0	0
rs13311726	0	0	0	0	0
rs13405029	0	0	0	0	0
rs13419891	0	0	0	0	0
rs13430138	0	0	0	0	0
rs1364610	0	0	0	0	0
rs137901179	0	0	0	0	0
rs137914828	0	0	0	0	0
rs137994739	0	0	0	0	0
rs138043791	0	0	0	0	0
rs138092671	0	0	0	0	0
rs138200352	0	0	0	0	0
rs138321874	0	0	0	0	0
rs138323435	0	0	0	0	0
rs138327616	0	0	0	0	0
rs138361546	0	0	0	0	0
rs1383695	0	0	0	0	0
rs1383696	0	0	0	0	0
rs138373735	0	0	0	0	0
rs138539860	0	0	0	0	2
rs138615375	0	0	0	0	0
rs138649718	0	0	0	0	0
rs138701531	0	0	0	0	0
rs138740313	0	0	0	0	0
rs1387481	0	0	0	0	0
rs1387482	0	0	0	0	0
rs1387485	0	0	0	0	0
rs138750085	0	0	0	0	1
rs1387503	0	0	0	0	0
rs1387504	0	0	0	0	0
rs1387505	0	0	0	0	0
rs1387507	0	0	0	0	0
rs138812059	0	0	0	0	0
rs138825076	0	0	0	0	0
rs138902671	0	0	0	0	0
rs138962241	0	0	0	0	0
rs139031891	0	0	0	0	0
rs139035512	0	0	0	0	0
rs139110797	0	0	0	0	0
rs139201218	0	0	0	0	0
rs139202747	0	0	0	0	0
rs139283179	0	0	0	0	0
rs139323361	0	0	0	0	0
rs1396196	0	0	0	0	1
rs139639759	0	0	0	0	0
rs139700442	0	0	0	0	0
rs139746351	0	0	0	0	1
rs1397528	0	0	0	0	0
rs139811866	0	0	0	0	0
rs139924703	0	0	0	0	0
rs140002900	0	0	0	0	0
rs140025764	0	0	0	0	0
rs140043970	0	0	0	0	0
rs140127086	0	0	0	0	0
rs140142755	0	0	0	0	0
rs140161357	0	0	0	0	0
rs140184517	0	0	0	0	0
rs140185014	0	0	0	0	0
rs140288100	0	0	0	0	0
rs140457799	0	0	0	0	0
rs140484762	0	0	0	0	0
rs140494357	0	0	0	0	0
rs140527	0	0	0	0	0
rs140527425	0	0	0	0	0
rs140584816	0	0	0	0	0
rs1406794	0	0	0	0	0
rs140799123	0	0	0	0	0
rs140807604	0	0	0	0	0
rs140904945	0	0	0	0	0
rs140917366	0	0	0	0	0
rs140946290	0	0	0	0	0
rs140975870	0	0	0	0	0
rs141261156	0	0	0	0	0
rs141342341	0	0	0	0	0
rs141465652	0	0	0	0	0
rs141481204	0	0	0	0	0
rs141529624	0	0	0	0	0
rs141615207	0	0	0	0	0
rs141643872	0	0	0	0	0
rs141708210	0	0	0	0	0
rs141712309	0	0	0	0	0
rs141716869	0	0	0	0	0
rs141771937	0	0	0	0	0
rs141833054	0	0	0	0	0
rs141852714	0	0	0	0	0
rs141887307	0	0	0	0	0
rs141993670	0	0	0	0	0
rs142012979	0	0	0	0	0
rs142024910	0	0	0	0	0
rs142111465	0	0	0	0	0
rs142152218	0	0	0	0	0
rs142263887	0	0	0	0	0
rs142281689	0	0	0	0	0
rs142304182	0	0	0	0	0
rs142328819	0	0	0	0	0
rs142384472	0	0	0	0	0
rs142388278	0	0	0	0	0
rs142396539	0	0	0	0	0
rs1424859	0	0	0	0	0
rs142542028	0	0	0	0	0
rs142565944	0	0	0	0	0
rs142566420	0	0	0	0	0
rs142639123	1	0.5	0	0	0
rs142641475	0	0	0	0	0
rs142688824	0	0	0	0	0
rs142819043	0	0	0	0	0
rs142830521	0	0	0	0	0
rs142947295	0	0	0	0	0
rs142965839	0	0	0	0	0
rs142967461	0	0	0	0	2
rs142976671	0	0	0	0	0
rs143053392	0	0	0	0	0
rs143228127	0	0	0	0	0
rs143244598	0	0	0	0	0
rs143280799	0	0	0	0	0
rs1433008	0	0	0	0	2
rs1433009	0	0	0	0	2
rs143366135	0	0	0	0	0
rs143532340	0	0	0	0	0
rs143578396	0	0	0	0	0
rs143596241	0	0	0	0	0
rs143602790	0	0	0	0	0
rs143756747	0	0	0	0	0
rs144050313	0	0	0	0	0
rs144056037	0	0	0	0	0
rs144153593	0	0	0	0	0
rs144218379	0	0	0	0	0
rs144277492	0	0	0	0	0
rs144286394	0	0	0	0	1
rs144288954	0	0	0	0	0
rs144354067	0	0	0	0	0
rs144497630	0	0	0	0	2
rs144508807	0	0	0	0	0
rs144562716	0	0	0	0	0
rs144620429	0	0	0	0	0
rs144671535	0	0	0	0	0
rs144679588	0	0	0	0	0
rs144704370	0	0	0	0	0
rs144806905	0	0	0	0	0
rs1448606	0	0	0	0	0
rs144954711	0	0	0	0	0
rs144962982	0	0	0	0	0
rs144970140	0	0	0	0	2
rs145154628	0	0	0	0	0
rs145226461	0	0	0	0	0
rs145245059	0	0	0	0	0
rs145247253	0	0	0	0	1
rs145259141	0	0	0	0	0
rs145275466	0	0	0	0	0
rs145281766	0	0	0	0	0
rs145343592	0	0	0	0	0
rs1454393	0	0	0	0	0
rs145448323	0	0	0	0	0
rs145576611	0	0	0	0	0
rs145589901	0	0	0	0	0
rs145600057	0	0	0	0	0
rs145722452	0	0	0	0	0
rs145827712	0	0	0	0	0
rs145851120	0	0	0	0	0
rs145881020	0	0	0	0	0
rs145884550	0	0	0	0	0
rs145918353	0	0	0	0	1
rs145951040	0	0	0	0	0
rs146055248	0	0	0	0	0
rs146176640	0	0	0	0	0
rs146186359	0	0	0	0	0
rs146239183	0	0	0	0	0
rs146345645	0	0	0	0	0
rs146435989	0	0	0	0	0
rs146519580	0	0	0	0	0
rs146537141	0	0	0	0	0
rs146581997	0	0	0	0	0
rs146588147	0	0	0	0	1
rs146628778	0	0	0	0	0
rs146630358	0	0	0	0	0
rs146643116	0	0	0	0	0
rs146662087	0	0	0	0	0
rs1467659	0	0	0	0	0
rs146851926	0	0	0	0	0
rs146880420	0	0	0	0	0
rs146887376	0	0	0	0	0
rs146890795	0	0	0	0	0
rs1469274	0	0	0	0	0
rs147199485	0	0	0	0	0
rs1472018	0	0	0	0	0
rs147257894	0	0	0	0	1
rs147276080	0	0	0	0	0
rs1472873	0	0	0	0	0
rs147406223	0	0	0	0	0
rs147729883	0	0	0	0	0
rs147800717	0	0	0	0	0
rs147850028	0	0	0	0	0
rs147860159	0	0	0	0	1
rs147947735	0	0	0	0	0
rs147997844	0	0	0	0	0
rs148048964	0	0	0	0	0
rs148055943	0	0	0	0	0
rs1481226	0	0	0	0	0
rs148124852	0	0	0	0	0
rs148210035	0	0	0	0	0
rs148230832	0	0	0	0	0
rs1482464	0	0	0	0	0
rs1482465	0	0	0	0	0
rs148281027	0	0	0	0	0
rs148300825	0	0	0	0	0
rs148390070	0	0	0	0	0
rs148438016	0	0	0	0	0
rs148458260	0	0	0	0	0
rs148525829	0	0	0	0	2
rs148540745	0	0	0	0	0
rs148546883	0	0	0	0	0
rs148632385	0	0	0	0	0
rs148648111	0	0	0	0	0
rs148852783	0	0	0	0	0
rs1489501	0	0	0	0	0
rs1489502	0	0	0	0	0
rs1489506	0	0	0	0	0
rs1489518	0	0	0	0	0
rs1489519	0	0	0	0	0
rs1489520	0	0	0	0	0
rs1489522	0	0	0	0	0
rs1489523	0	0	0	0	0
rs148984845	0	0	0	0	0
rs149018620	0	0	0	0	0
rs149054570	0	0	0	0	0
rs149297069	0	0	0	0	0
rs149354535	0	0	0	0	0
rs1494547	0	0	0	0	0
rs149470162	0	0	0	0	0
rs149503839	0	0	0	0	0
rs149676615	0	0	0	0	0
rs149734680	0	0	0	0	0
rs149844871	0	0	0	0	0
rs149860849	0	0	0	0	0
rs149915837	0	0	0	0	0
rs150016868	0	0	0	0	0
rs150088959	0	0	0	0	0
rs150132929	0	0	0	0	0
rs150164772	0	0	0	0	0
rs150186091	0	0	0	0	1
rs150203643	0	0	0	0	0
rs150281772	0	0	0	0	0
rs150283650	0	0	0	0	2
rs150292895	0	0	0	0	0
rs150345347	0	0	0	0	0
rs150591924	0	0	0	0	0
rs150608826	0	0	0	0	0
rs150749415	0	0	0	0	0
rs150828160	0	0	0	0	0
rs151830	0	0	0	0	2
rs152815	0	0	0	0	2
rs1532981	0	0	0	0	1
rs1548526	0	0	0	0	0
rs1552582	0	0	0	0	0
rs1560656	0	0	0	0	2
rs1567487	0	0	0	0	2
rs1567488	0	0	0	0	0
rs1586604	0	0	0	0	0
rs1586605	0	0	0	0	0
rs1597651	0	0	0	0	0
rs1605627	0	0	0	0	0
rs16824543	0	0	0	0	2
rs16854252	0	0	0	0	0
rs16859567	0	0	0	0	0
rs16859569	0	0	0	0	0
rs16859572	0	0	0	0	0
rs16859578	0	0	0	0	0
rs16859580	0	0	0	0	0
rs16859581	0	0	0	0	0
rs16859582	0	0	0	0	0
rs16859585	0	0	0	0	0
rs16859643	0	0	0	0	0
rs16859645	0	0	0	0	0
rs16904315	1	0	0	0	0
rs16920605	0	0	0	0	0
rs16920681	0	0	0	0	0
rs16927335	0	0	0	0	0
rs16928442	0	0	0	0	0
rs16942650	0	0	0	0	1
rs16957704	0	0	0	0	0
rs17003335	0	0	0	0	0
rs17006637	0	0	0	0	0
rs17011678	0	0	0	0	0
rs17026280	0	0	0	0	1
rs17036707	0	0	0	0	0
rs17036710	0	0	0	0	0
rs17041437	0	0	0	0	0
rs17043970	0	0	0	0	0
rs17052053	0	0	0	0	2
rs17052058	0	0	0	0	2
rs17052061	0	0	0	0	2
rs17052068	0	0	0	0	2
rs17092470	0	0	0	0	0
rs17092482	0	0	0	0	0
rs17115714	0	0	0	0	0
rs17115721	0	0	0	0	0
rs17115737	0	0	0	0	0
rs17115745	0	0	0	0	0
rs17136456	0	0	0	0	0
rs17146301	0	0	0	0	0
rs17158243	0	0	0	0	0
rs17165220	0	0	0	0	0
rs17165223	0	0	0	0	0
rs17207870	0	0	0	0	2
rs17324153	0	0	0	0	0
rs17328054	0	0	0	0	0
rs17329424	0	0	0	0	0
rs17447909	0	0	0	0	0
rs17572292	0	0	0	0	0
rs17684468	0	0	0	0	0
rs17684480	0	0	0	0	0
rs17695276	0	0	0	0	0
rs17739439	0	0	0	0	0
rs17763827	0	0	0	0	2
rs17763887	0	0	0	0	2
rs17769417	0	0	0	0	2
rs17784262	0	0	0	0	0
rs17798680	2	0.5	0	2	0
rs17839706	0	0	0	0	0
rs17878708	1	0.5	0	5	2
rs17879472	0	0	0	0	0
rs1807544	0	0	0	0	1
rs1807545	0	0	0	0	1
rs1807546	0	0	0	0	1
rs180916209	0	0	0	0	0
rs181154418	0	0	0	0	0
rs181645693	0	0	0	0	0
rs1820403	0	0	0	0	0
rs1820959	0	0	0	0	0
rs182245737	0	0	0	0	0
rs1825103	0	0	0	0	0
rs1825213	0	0	0	0	0
rs1826052	0	0	0	0	0
rs182980916	0	0	0	0	0
rs183055947	0	0	0	0	0
rs183129197	0	0	0	0	0
rs183172695	0	0	0	0	0
rs183533198	0	0	0	0	0
rs1835394	0	0	0	0	0
rs1835398	0	0	0	0	0
rs1835399	0	0	0	0	0
rs1835400	0	0	0	0	0
rs183873860	0	0	0	0	0
rs183930544	0	0	0	0	0
rs184223086	0	0	0	0	0
rs184710548	0	0	0	0	0
rs184803641	0	0	0	0	0
rs1849888	0	0	0	0	0
rs185040341	0	0	0	0	0
rs185350368	0	0	0	0	0
rs1858074	0	0	0	0	2
rs186115080	0	0	0	0	0
rs186169334	0	0	0	0	0
rs1866756	0	0	0	0	0
rs186682222	0	0	0	0	0
rs186897695	0	0	0	0	0
rs1877342	0	0	0	0	0
rs1882304	0	0	0	0	0
rs1882305	0	0	0	0	0
rs1882307	0	0	0	0	0
rs1882308	0	0	0	0	0
rs1884455	0	0	0	0	2
rs189269809	0	0	0	0	0
rs189367270	0	0	0	0	0
rs1894113	0	0	0	0	2
rs1894114	0	0	0	0	2
rs1894115	0	0	0	0	2
rs189411937	0	0	0	0	0
rs1894411	0	0	0	0	1
rs189865352	0	0	0	0	0
rs190404486	0	0	0	0	0
rs190501935	0	0	0	0	0
rs190509656	0	0	0	0	0
rs190540475	0	0	0	0	0
rs1906839	0	0	0	0	0
rs1906841	0	0	0	0	0
rs1906842	0	0	0	0	0
rs1906843	0	0	0	0	0
rs190902193	0	0	0	0	0
rs190970895	0	0	0	0	0
rs191889884	0	0	0	0	0
rs192374368	0	0	0	0	0
rs193029527	0	0	0	0	0
rs193041540	0	0	0	0	0
rs1948211	0	0	0	0	0
rs1949211	0	0	0	0	0
rs1949212	0	0	0	0	0
rs1955045	0	0	0	0	0
rs1965852	0	0	0	0	0
rs1977904	0	0	0	0	0
rs1979622	0	0	0	0	0
rs1979623	0	0	0	0	0
rs1979624	0	0	0	0	0
rs1994547	0	0	0	0	0
rs1994548	0	0	0	0	0
rs1994549	0	0	0	0	0
rs199570485	0	0	0	0	0
rs199722909	0	0	0	0	0
rs199907231	0	0	0	0	0
rs200090251	0	0	0	0	0
rs200147351	0	0	0	0	0
rs200247792	0	0	0	0	0
rs200307222	0	0	0	0	0
rs200332842	0	0	0	0	0
rs200379479	0	0	0	0	0
rs200660235	0	0	0	0	0
rs200693671	0	0	0	0	0
rs200773450	0	0	0	0	0
rs2009641	0	0	0	0	0
rs2010767	0	0	0	0	1
rs201109775	0	0	0	0	0
rs2012599	0	0	0	0	1
rs201288706	0	0	0	0	0
rs201369491	0	0	0	0	0
rs201435236	0	0	0	0	0
rs201478390	0	0	0	0	0
rs201536355	0	0	0	0	0
rs201541054	0	0	0	0	0
rs201596489	0	0	0	0	0
rs201596699	0	0	0	0	0
rs2016575	0	0	0	0	2
rs201721193	0	0	0	0	0
rs201820750	0	0	0	0	0
rs2019194	0	0	0	0	0
rs201931795	0	0	0	0	0
rs201958814	0	0	0	0	0
rs201995125	0	0	0	0	0
rs202059248	0	0	0	0	0
rs2023108	0	0	0	0	0
rs2032466	0	0	0	0	0
rs2035731	0	0	0	0	0
rs2035732	0	0	0	0	0
rs2035733	0	0	0	0	0
rs2041336	0	0	0	0	0
rs2043271	0	0	0	0	2
rs2043272	0	0	0	0	2
rs2046615	0	0	0	0	0
rs2048408	0	0	0	0	0
rs2049908	0	0	0	0	1
rs2055007	0	0	0	0	0
rs2055730	0	0	0	0	0
rs2064639	0	0	0	0	1
rs2064640	0	0	0	0	1
rs2072713	0	0	0	0	1
rs2075724	0	0	0	0	1
rs2075725	0	0	0	0	1
rs2075726	0	0	0	0	1
rs2075727	0	0	0	0	0
rs2075940	0	0	0	0	1
rs2075941	0	0	0	0	1
rs2075942	0	0	0	0	1
rs2075943	0	0	0	0	1
rs2086497	0	0	0	0	0
rs2087434	0	0	0	0	0
rs2087435	0	0	0	0	0
rs2088107	0	0	0	0	0
rs2091653	0	0	0	0	0
rs2091729	0	0	0	0	0
rs2092870	0	0	0	0	1
rs2092920	0	0	0	0	2
rs2108450	0	0	0	0	2
rs2108811	0	0	0	0	0
rs2116789	0	0	0	0	2
rs2128349	0	0	0	0	0
rs2130231	0	0	0	0	0
rs2130232	0	0	0	0	0
rs2130234	0	0	0	0	0
rs2137794	0	0	0	0	0
rs2144686	0	0	0	0	2
rs2145504	0	0	0	0	0
rs2149131	0	0	0	0	0
rs2159607	0	0	0	0	1
rs2170547	0	0	0	0	0
rs2170549	0	0	0	0	0
rs2171731	0	0	0	0	0
rs2171732	0	0	0	0	0
rs2171733	0	0	0	0	0
rs2171734	0	0	0	0	0
rs2240525	0	0	0	0	2
rs2268139	0	0	0	0	0
rs2280038	0	0	0	0	0
rs2280976	0	0	0	0	1
rs2306950	0	0	0	0	0
rs2323960	0	0	0	0	0
rs2323961	0	0	0	0	0
rs2323963	0	0	0	0	0
rs2323965	0	0	0	0	0
rs2335640	0	0	0	0	2
rs2337109	0	0	0	0	0
rs2349794	0	0	0	0	0
rs2349796	0	0	0	0	0
rs2349798	0	0	0	0	0
rs2349799	0	0	0	0	0
rs2349800	0	0	0	0	0
rs2349801	0	0	0	0	0
rs2349802	0	0	0	0	0
rs2349803	0	0	0	0	0
rs2349804	0	0	0	0	0
rs2349806	0	0	0	0	0
rs2351465	0	0	0	0	2
rs2355162	0	0	0	0	0
rs2355163	0	0	0	0	0
rs2357328	0	0	0	0	0
rs2357329	0	0	0	0	0
rs2383180	0	0	0	0	0
rs2385488	0	0	0	0	0
rs2394649	0	0	0	0	0
rs2413435	0	0	0	0	1
rs2413436	0	0	0	0	1
rs2420148	0	0	0	0	1
rs2484681	0	0	0	0	0
rs2484682	0	0	0	0	0
rs2511293	0	0	0	0	2
rs2511295	0	0	0	0	2
rs2526303	0	0	0	0	1
rs2553764	0	0	0	0	0
rs2553769	0	0	0	0	0
rs2578667	0	0	0	0	0
rs2578671	0	0	0	0	0
rs2604526	0	0	0	0	2
rs2604527	0	0	0	0	2
rs2604533	0	0	0	0	2
rs2615734	0	0	0	0	0
rs2621320	0	0	0	0	1
rs2624664	0	0	0	0	0
rs2624667	1	0	0	0	0
rs2629806	0	0	0	0	0
rs2653874	0	0	0	0	0
rs2653875	0	0	0	0	0
rs2653876	0	0	0	0	0
rs2653877	0	0	0	0	1
rs2653878	0	0	0	0	0
rs2653881	0	0	0	0	0
rs2653882	0	0	0	0	0
rs2653883	0	0	0	0	0
rs2653884	0	0	0	0	0
rs2653885	0	0	0	0	0
rs2653886	0	0	0	0	0
rs2653887	0	0	0	0	0
rs2658047	0	0	0	0	0
rs267220	0	0	0	0	0
rs267223	0	0	0	0	0
rs267248	0	0	0	0	0
rs267250	0	0	0	0	0
rs267251	0	0	0	0	0
rs267254	0	0	0	0	0
rs267255	0	0	0	0	0
rs267266	0	0	0	0	0
rs267267	0	0	0	0	0
rs267268	0	0	0	0	0
rs267269	0	0	0	0	0
rs2689542	0	0	0	0	0
rs2689615	0	0	0	0	0
rs2726905	0	0	0	0	0
rs2726924	0	0	0	0	0
rs2784126	0	0	0	0	0
rs2784127	0	0	0	0	0
rs2784128	0	0	0	0	0
rs2784129	0	0	0	0	0
rs2784133	0	0	0	0	0
rs2800316	0	0	0	0	0
rs2836845	0	0	0	0	1
rs2836847	1	0	0	0	0
rs28373680	0	0	0	0	0
rs28377427	0	0	0	0	0
rs28377912	0	0	0	0	0
rs28380347	0	0	0	0	0
rs28386864	0	0	0	0	0
rs28389469	0	0	0	0	0
rs28394188	0	0	0	0	0
rs28401414	0	0	0	0	0
rs28403384	0	0	0	0	0
rs28410333	0	0	0	0	0
rs28429264	0	0	0	0	0
rs28432885	0	0	0	0	0
rs28445175	0	0	0	0	0
rs28451398	0	0	0	0	0
rs28455640	0	0	0	0	0
rs2846848	0	0	0	0	2
rs2846849	0	0	0	0	2
rs2846857	0	0	0	0	2
rs2846858	3	0	2	5	2
rs28469277	0	0	0	0	0
rs28470858	0	0	0	0	1
rs28477825	0	0	0	0	0
rs28477955	0	0	0	0	0
rs28478253	0	0	0	0	0
rs28480068	0	0	0	0	0
rs28485781	0	0	0	0	0
rs28489184	0	0	0	0	0
rs2850751	0	0	0	0	0
rs28510153	0	0	0	0	0
rs28513220	0	0	0	0	0
rs28515595	0	0	0	0	0
rs28516011	0	0	0	0	0
rs28520409	0	0	0	0	0
rs28524687	0	0	0	0	0
rs28524690	0	0	0	0	0
rs2852879	0	0	0	0	2
rs2852880	0	0	0	0	2
rs2852881	1	0	1	5	2
rs2852882	0	0	0	0	2
rs2852891	0	0	0	0	2
rs28531873	0	0	0	0	2
rs28536084	0	0	0	0	0
rs28536632	0	0	0	0	0
rs28540076	0	0	0	0	0
rs28544334	0	0	0	0	0
rs28544952	0	0	0	0	2
rs28548673	0	0	0	0	0
rs28553872	0	0	0	0	0
rs28555560	0	0	0	0	0
rs28557282	0	0	0	0	0
rs28566046	0	0	0	0	0
rs28568812	0	0	0	0	0
rs2857107	0	0	0	0	1
rs28580785	0	0	0	0	0
rs28581212	0	0	0	0	0
rs28581745	0	0	0	0	0
rs28581776	0	0	0	0	2
rs28585671	0	0	0	0	0
rs28586981	0	0	0	0	0
rs28592733	0	0	0	0	0
rs28619310	0	0	0	0	0
rs28622894	0	0	0	0	2
rs28626368	0	0	0	0	0
rs28627561	0	0	0	0	0
rs28629880	0	0	0	0	1
rs28633659	0	0	0	0	2
rs28634421	0	0	0	0	2
rs28654339	0	0	0	0	0
rs28664020	0	0	0	0	0
rs28664223	0	0	0	0	0
rs28664876	0	0	0	0	0
rs28665512	0	0	0	0	0
rs28680721	0	0	0	0	2
rs28682279	0	0	0	0	0
rs28683145	0	0	0	0	0
rs28685885	0	0	0	0	0
rs28688045	0	0	0	0	0
rs28688468	0	0	0	0	0
rs28690299	0	0	0	0	0
rs28692556	0	0	0	0	2
rs2869452	0	0	0	0	0
rs2869454	0	0	0	0	0
rs2869455	0	0	0	0	0
rs28698355	0	0	0	0	0
rs28698526	0	0	0	0	0
rs28701627	0	0	0	0	0
rs28706999	0	0	0	0	2
rs28710181	0	0	0	0	2
rs28712599	0	0	0	0	0
rs28718884	0	0	0	0	0
rs28747395	0	0	0	0	0
rs28802144	0	0	0	0	0
rs2882792	0	0	0	0	2
rs28831089	0	0	0	0	0
rs28831119	0	0	0	0	0
rs28849178	0	0	0	0	0
rs28858385	0	0	0	0	0
rs28970306	0	0	0	0	0
rs2899276	0	0	0	0	1
rs2941772	0	0	0	0	0
rs300896	0	0	0	0	1
rs300897	0	0	0	0	1
rs300898	0	0	0	0	1
rs300943	0	0	0	0	1
rs300946	0	0	0	0	1
rs300947	0	0	0	0	1
rs300949	0	0	0	0	1
rs300951	0	0	0	0	1
rs300953	0	0	0	0	1
rs306025	0	0	0	0	0
rs31251	0	0	0	0	2
rs3132831	0	0	0	0	2
rs32108	0	0	0	0	2
rs33918938	0	0	0	0	0
rs33919539	0	0	0	0	2
rs34005483	0	0	0	0	0
rs34012805	0	0	0	0	0
rs34033529	0	0	0	0	2
rs34062689	0	0	0	0	0
rs34145865	0	0	0	0	0
rs34212535	0	0	0	0	0
rs34214307	0	0	0	0	0
rs34215901	0	0	0	0	2
rs34230450	0	0	0	0	0
rs34238085	0	0	0	0	2
rs34265556	0	0	0	0	0
rs34280947	0	0	0	0	0
rs34282097	0	0	0	0	0
rs34288568	0	0	0	0	0
rs34327322	0	0	0	0	0
rs34339255	0	0	0	0	0
rs34342939	0	0	0	0	1
rs34370271	0	0	0	0	0
rs34394071	0	0	0	0	0
rs34395396	0	0	0	0	0
rs34413211	0	0	0	0	0
rs34420254	0	0	0	0	2
rs34432177	0	0	0	0	0
rs34438813	0	0	0	0	0
rs34439737	0	0	0	0	0
rs34467920	0	0	0	0	0
rs34504481	0	0	0	0	0
rs34510997	0	0	0	0	0
rs34513278	0	0	0	0	0
rs34523877	0	0	0	0	2
rs34553082	0	0	0	0	2
rs34596107	0	0	0	0	0
rs34612875	0	0	0	0	0
rs34640454	0	0	0	0	0
rs34654101	0	0	0	0	0
rs34660213	0	0	0	0	0
rs34694205	0	0	0	0	0
rs34702359	0	0	0	0	0
rs34717435	0	0	0	0	0
rs34762015	0	0	0	0	2
rs34779143	0	0	0	0	0
rs34779190	0	0	0	0	0
rs34796816	0	0	0	0	0
rs34799878	0	0	0	0	0
rs34820160	0	0	0	0	0
rs34846849	0	0	0	0	2
rs34858839	0	0	0	0	0
rs34886560	0	0	0	0	0
rs34893806	0	0	0	0	0
rs34969418	0	0	0	0	0
rs34992950	0	0	0	0	1
rs34999582	0	0	0	0	0
rs35022648	0	0	0	0	0
rs35048101	0	0	0	0	0
rs35071131	0	0	0	0	0
rs35074969	0	0	0	0	0
rs35083655	0	0	0	0	0
rs35084359	0	0	0	0	0
rs35102966	0	0	0	0	2
rs35116888	0	0	0	0	0
rs35133416	0	0	0	0	2
rs35145620	0	0	0	0	0
rs35149731	0	0	0	0	2
rs35177399	0	0	0	0	0
rs35212800	0	0	0	0	0
rs35318134	0	0	0	0	0
rs35333419	0	0	0	0	0
rs35369222	0	0	0	0	0
rs35374785	0	0	0	0	0
rs35381613	0	0	0	0	0
rs35401705	0	0	0	0	0
rs35403253	0	0	0	0	2
rs35420162	0	0	0	0	0
rs35428986	0	0	0	0	0
rs35433930	0	0	0	0	0
rs35438894	0	0	0	0	0
rs35478274	0	0	0	0	0
rs35600259	0	0	0	0	1
rs35601687	0	0	0	0	0
rs35609149	0	0	0	0	0
rs35612369	0	0	0	0	2
rs35620895	0	0	0	0	0
rs35654841	0	0	0	0	0
rs35662093	0	0	0	0	0
rs35664665	0	0	0	0	0
rs35668200	0	0	0	0	0
rs35670473	0	0	0	0	0
rs35687939	0	0	0	0	0
rs35718555	0	0	0	0	0
rs35757848	0	0	0	0	1
rs35760504	0	0	0	0	0
rs35784002	0	0	0	0	0
rs35812969	0	0	0	0	2
rs35818379	0	0	0	0	0
rs35818626	0	0	0	0	2
rs35828495	0	0	0	0	2
rs35853510	0	0	0	0	2
rs35882150	0	0	0	0	0
rs35911504	0	0	0	0	0
rs35931383	0	0	0	0	0
rs35941563	0	0	0	0	0
rs35967517	0	0	0	0	0
rs35971764	0	0	0	0	0
rs36002037	0	0	0	0	0
rs36018191	0	0	0	0	1
rs36055753	0	0	0	0	0
rs36128459	0	0	0	0	0
rs367709210	0	0	0	0	0
rs368328914	0	0	0	0	0
rs369114978	0	0	0	0	0
rs369178374	0	0	0	0	0
rs370547181	0	0	0	0	1
rs371144525	0	0	0	0	0
rs371906536	0	0	0	0	2
rs372049270	0	0	0	0	0
rs373246132	0	0	0	0	0
rs3733416	0	0	0	0	0
rs3734696	0	0	0	0	1
rs3734697	0	0	0	0	1
rs373687561	0	0	0	0	1
rs374064168	0	0	0	0	0
rs374506895	0	0	0	0	0
rs3745816	0	0	0	0	0
rs375135276	0	0	0	0	0
rs3755059	0	0	0	0	2
rs3755061	0	0	0	0	0
rs3756295	0	0	0	0	2
rs3792655	0	0	0	0	0
rs3805238	0	0	0	0	0
rs3805246	0	0	0	0	0
rs3805247	0	0	0	0	0
rs3805249	0	0	0	0	0
rs3805254	0	0	0	0	0
rs3805257	0	0	0	0	0
rs3808362	0	0	0	0	0
rs3808363	0	0	0	0	0
rs3828513	2	0	0	0	0
rs3838354	0	0	0	0	0
rs3924857	0	0	0	0	0
rs3924858	0	0	0	0	0
rs3925110	0	0	0	0	2
rs3935431	0	0	0	0	0
rs3935983	0	0	0	0	0
rs3967098	0	0	0	0	1
rs3968640	0	0	0	0	0
rs4024597	0	0	0	0	0
rs4073651	0	0	0	0	0
rs4075756	0	0	0	0	0
rs4076044	0	0	0	0	0
rs4076661	0	0	0	0	0
rs4104018	0	0	0	0	0
rs41266979	0	0	0	0	0
rs41268741	0	0	0	0	0
rs41268743	0	0	0	0	0
rs41270147	0	0	0	0	0
rs41277649	0	0	0	0	1
rs41284209	0	0	0	0	2
rs41287449	0	0	0	0	2
rs4131029	0	0	0	0	1
rs41315326	0	0	0	0	2
rs4132419	0	0	0	0	0
rs41355847	0	0	0	0	0
rs41366346	0	0	0	0	0
rs41391056	0	0	0	0	0
rs41470045	0	0	0	0	0
rs4234228	0	0	0	0	0
rs4234887	0	0	0	0	1
rs4239882	0	0	0	0	1
rs4244231	0	0	0	0	0
rs4244233	0	0	0	0	0
rs4255086	0	0	0	0	0
rs4256549	0	0	0	0	0
rs4260853	0	0	0	0	0
rs4268080	0	0	0	0	0
rs4270911	0	0	0	0	0
rs4270912	0	0	0	0	0
rs4270913	0	0	0	0	0
rs4271483	0	0	0	0	0
rs4272328	0	0	0	0	0
rs4273799	0	0	0	0	0
rs4276634	0	0	0	0	0
rs4281074	0	0	0	0	0
rs4282517	0	0	0	0	0
rs4284000	0	0	0	0	0
rs4285433	0	0	0	0	0
rs4288324	0	0	0	0	0
rs4288325	0	0	0	0	0
rs4289754	0	0	0	0	0
rs4290853	0	0	0	0	1
rs4291221	0	0	0	0	0
rs4292635	0	0	0	0	0
rs4292637	0	0	0	0	0
rs4296994	0	0	0	0	0
rs4304291	0	0	0	0	0
rs4309455	0	0	0	0	0
rs4318195	0	0	0	0	0
rs4326333	0	0	0	0	0
rs4328171	0	0	0	0	0
rs4335493	0	0	0	0	0
rs4336234	0	0	0	0	0
rs4336559	0	0	0	0	0
rs4336988	0	0	0	0	0
rs4337112	0	0	0	0	0
rs4346309	0	0	0	0	0
rs4352793	0	0	0	0	0
rs4353231	0	0	0	0	0
rs4357241	0	0	0	0	0
rs4357242	0	0	0	0	0
rs4357773	0	0	0	0	0
rs4359162	0	0	0	0	0
rs4363548	0	0	0	0	0
rs4369848	0	0	0	0	0
rs4380651	0	0	0	0	2
rs4399419	0	0	0	0	0
rs4399716	0	0	0	0	0
rs4404870	0	0	0	0	0
rs4407450	0	0	0	0	1
rs4407827	0	0	0	0	0
rs4407828	0	0	0	0	0
rs4414177	0	0	0	0	0
rs4415266	0	0	0	0	0
rs4423717	0	0	0	0	0
rs4426200	0	0	0	0	0
rs4433093	0	0	0	0	0
rs4434497	0	0	0	0	0
rs4436620	0	0	0	0	0
rs4437064	0	0	0	0	1
rs4437600	0	0	0	0	0
rs4443612	0	0	0	0	0
rs4443613	0	0	0	0	0
rs4448219	0	0	0	0	0
rs4449737	0	0	0	0	0
rs4451255	0	0	0	0	0
rs4451256	0	0	0	0	0
rs4456628	0	0	0	0	0
rs4459050	0	0	0	0	2
rs4460326	0	0	0	0	0
rs4460327	0	0	0	0	0
rs4460769	0	0	0	0	0
rs4460770	0	0	0	0	0
rs4461853	0	0	0	0	0
rs4462456	0	0	0	0	1
rs4466782	0	0	0	0	0
rs4467893	0	0	0	0	0
rs4467894	0	0	0	0	0
rs4469402	0	0	0	0	0
rs4469842	0	0	0	0	0
rs4478520	0	0	0	0	0
rs4483096	0	0	0	0	0
rs4492325	0	0	0	0	0
rs4496917	0	0	0	0	0
rs4497593	0	0	0	0	0
rs4515923	0	0	0	0	0
rs4519715	0	0	0	0	0
rs4524741	0	0	0	0	0
rs4529410	0	0	0	0	0
rs4536165	0	0	0	0	0
rs4536166	0	0	0	0	0
rs4538604	0	0	0	0	2
rs4541847	0	0	0	0	0
rs4543492	0	0	0	0	0
rs4544668	0	0	0	0	1
rs45489198	0	0	0	0	2
rs4551289	0	0	0	0	0
rs4551290	0	0	0	0	0
rs4559190	0	0	0	0	0
rs4560745	0	0	0	0	0
rs4563839	0	0	0	0	0
rs4567238	0	0	0	0	0
rs4573504	0	0	0	0	0
rs4574353	0	0	0	0	1
rs4575356	0	0	0	0	0
rs4583564	0	0	0	0	1
rs4587687	0	0	0	0	0
rs4590827	0	0	0	0	0
rs4598208	0	0	0	0	0
rs4601262	0	0	0	0	0
rs4605222	0	0	0	0	0
rs4607559	0	0	0	0	0
rs4613944	0	0	0	0	0
rs4621757	0	0	0	0	0
rs4623355	0	0	0	0	0
rs4628095	0	0	0	0	1
rs4639465	0	0	0	0	0
rs4643949	0	0	0	0	2
rs4645517	0	0	0	0	0
rs4645518	0	0	0	0	0
rs4664917	0	0	0	0	0
rs4668516	0	0	0	0	0
rs4671384	0	0	0	0	0
rs4674397	0	0	0	0	2
rs4677051	0	0	0	0	0
rs4678634	0	0	0	0	0
rs4682789	0	0	0	0	0
rs4690715	0	0	0	0	1
rs4690777	0	0	0	0	1
rs4690778	0	0	0	0	1
rs4690781	0	0	0	0	1
rs4691443	0	0	0	0	0
rs470487	0	0	0	0	0
rs4705885	0	0	0	0	1
rs4706020	0	0	0	0	1
rs4706034	0	0	0	0	2
rs470627	0	0	0	0	0
rs470831	0	0	0	0	0
rs4711764	0	0	0	0	1
rs4711766	0	0	0	0	1
rs4714738	0	0	0	0	1
rs4714750	0	0	0	0	1
rs4714754	0	0	0	0	1
rs4714759	0	0	0	0	1
rs4714761	0	0	0	0	1
rs4714762	0	0	0	0	1
rs4724481	0	0	0	0	0
rs4763955	0	0	0	0	0
rs4763957	0	0	0	0	0
rs476417	0	0	0	0	0
rs4791025	0	0	0	0	0
rs4794498	0	0	0	0	0
rs4820261	0	0	0	0	1
rs4820262	0	0	0	0	0
rs4821559	0	0	0	0	1
rs4821560	0	0	0	0	1
rs4821561	0	0	0	0	1
rs4821565	0	0	0	0	1
rs4821566	0	0	0	0	1
rs4821567	0	0	0	0	1
rs4821568	0	0	0	0	1
rs4821569	0	0	0	0	1
rs4821570	0	0	0	0	0
rs4861905	0	0	0	0	0
rs4906361	0	0	0	0	0
rs4917032	0	0	0	0	0
rs4917033	0	0	0	0	0
rs4917034	0	0	0	0	0
rs4917197	0	0	0	0	0
rs4922752	0	0	0	0	0
rs4923333	0	0	0	0	0
rs4923337	0	0	0	0	0
rs4923339	0	0	0	0	0
rs4932411	0	0	0	0	0
rs4932421	0	0	0	0	0
rs4939833	0	0	0	0	0
rs4939834	0	0	0	0	0
rs4945546	0	0	0	0	0
rs4946102	0	0	0	0	0
rs4946104	0	0	0	0	0
rs4946105	0	0	0	0	0
rs4952253	0	0	0	0	0
rs4963857	0	0	0	0	0
rs4977960	0	0	0	0	0
rs498655	0	0	0	0	0
rs4988453	0	0	0	0	1
rs4988457	0	0	0	0	1
rs5001284	0	0	0	0	0
rs5004391	0	0	0	0	0
rs5009336	0	0	0	0	0
rs5013170	0	0	0	0	0
rs5020761	0	0	0	0	0
rs5029422	0	0	0	0	2
rs504486	0	0	0	0	0
rs514433	0	0	0	0	0
rs530349949	0	0	0	0	0
rs533473835	0	0	0	0	0
rs533512085	0	0	0	0	0
rs535319984	0	0	0	0	0
rs537579684	0	0	0	0	0
rs537642	0	0	0	0	1
rs537726761	0	0	0	0	0
rs538558009	0	0	0	0	0
rs539320491	0	0	0	0	0
rs539974032	0	0	0	0	0
rs542757554	0	0	0	0	0
rs543798	0	0	0	0	0
rs543976647	0	0	0	0	0
rs545130253	0	0	0	0	0
rs545451849	0	0	0	0	0
rs545936	0	0	0	0	0
rs546931315	0	0	0	0	0
rs548079938	0	0	0	0	0
rs548261	0	0	0	0	1
rs549542151	0	0	0	0	0
rs550252981	0	0	0	0	0
rs551020303	0	0	0	0	0
rs551795236	0	0	0	0	0
rs552398431	0	0	0	0	0
rs554020511	0	0	0	0	0
rs55650316	0	0	0	0	2
rs55671347	0	0	0	0	0
rs55684806	0	0	0	0	1
rs55721240	0	0	0	0	2
rs55726681	0	0	0	0	0
rs55758499	0	0	0	0	0
rs55785351	0	0	0	0	0
rs55796619	0	0	0	0	0
rs55846038	0	0	0	0	0
rs55889728	0	0	0	0	0
rs55910511	0	0	0	0	0
rs55965068	0	0	0	0	2
rs559690296	0	0	0	0	0
rs559786048	0	0	0	0	0
rs55997317	0	0	0	0	2
rs56010350	0	0	0	0	0
rs56030777	3	0.5	0	2	1
rs56047160	0	0	0	0	0
rs56068416	0	0	0	0	0
rs56070219	0	0	0	0	0
rs560832137	0	0	0	0	0
rs560833079	0	0	0	0	0
rs56119003	0	0	0	0	0
rs56125125	0	0	0	0	0
rs56151501	0	0	0	0	0
rs56176518	0	0	0	0	0
rs561775150	0	0	0	0	0
rs56179100	0	0	0	0	0
rs56179594	0	0	0	0	0
rs56191832	0	0	0	0	0
rs56201321	0	0	0	0	0
rs562321668	0	0	0	0	0
rs56235551	0	0	0	0	0
rs56244272	0	0	0	0	0
rs56304861	0	0	0	0	0
rs56335810	0	0	0	0	0
rs56340415	0	0	0	0	0
rs56352611	0	0	0	0	2
rs56357549	0	0	0	0	2
rs56383717	0	0	0	0	2
rs565020	0	0	0	0	1
rs565297141	0	0	0	0	0
rs56665454	0	0	0	0	2
rs56704469	0	0	0	0	0
rs56727155	0	0	0	0	0
rs567794087	0	0	0	0	0
rs56783769	0	0	0	0	0
rs570491790	0	0	0	0	0
rs57057191	0	0	0	0	0
rs57177092	0	0	0	0	0
rs57182117	0	0	0	0	0
rs57214789	0	0	0	0	0
rs572354	0	0	0	0	0
rs57254237	0	0	0	0	0
rs57342582	0	0	0	0	0
rs57391208	0	0	0	0	0
rs57441156	0	0	0	0	2
rs574449920	0	0	0	0	0
rs57480440	0	0	0	0	0
rs5750333	0	0	0	0	1
rs5750338	0	0	0	0	1
rs5750339	0	0	0	0	1
rs575132274	0	0	0	0	0
rs57529483	0	0	0	0	0
rs57559064	0	0	0	0	0
rs5756270	0	0	0	0	0
rs5756400	0	0	0	0	1
rs5756401	0	0	0	0	1
rs5756405	0	0	0	0	1
rs5756407	0	0	0	0	1
rs5756408	0	0	0	0	1
rs57653807	0	0	0	0	0
rs57657474	0	0	0	0	1
rs5772055	0	0	0	0	2
rs577635292	0	0	0	0	0
rs57805427	0	0	0	0	0
rs57818319	0	0	0	0	0
rs57826009	0	0	0	0	0
rs5790557	0	0	0	0	0
rs5790558	0	0	0	0	0
rs57954994	0	0	0	0	0
rs57970315	0	0	0	0	0
rs57987486	0	0	0	0	0
rs58105882	0	0	0	0	0
rs58122126	0	0	0	0	0
rs58202926	0	0	0	0	0
rs58238761	0	0	0	0	0
rs58248295	0	0	0	0	0
rs58277500	0	0	0	0	2
rs58415613	0	0	0	0	0
rs58454149	0	0	0	0	0
rs58549064	0	0	0	0	0
rs58588637	0	0	0	0	0
rs58620971	0	0	0	0	0
rs58666910	0	0	0	0	0
rs58681392	0	0	0	0	0
rs58739884	0	0	0	0	0
rs58762200	0	0	0	0	1
rs58800887	0	0	0	0	0
rs58840193	0	0	0	0	0
rs5884072	0	0	0	0	0
rs5884077	0	0	0	0	0
rs5884078	0	0	0	0	0
rs5884079	0	0	0	0	0
rs58849487	0	0	0	0	0
rs58903887	0	0	0	0	0
rs58914637	0	0	0	0	0
rs58976884	0	0	0	0	2
rs59050830	0	0	0	0	0
rs591406	0	0	0	0	0
rs59170506	0	0	0	0	0
rs592349	0	0	0	0	1
rs59287866	0	0	0	0	0
rs59300815	0	0	0	0	0
rs59366576	0	0	0	0	0
rs594247	0	0	0	0	0
rs59432531	0	0	0	0	0
rs59493173	0	0	0	0	0
rs59500587	0	0	0	0	1
rs59509374	0	0	0	0	0
rs59547686	0	0	0	0	0
rs59612757	0	0	0	0	2
rs59679019	0	0	0	0	0
rs59806378	0	0	0	0	0
rs59878453	0	0	0	0	2
rs59904476	0	0	0	0	0
rs59956870	0	0	0	0	0
rs59994054	0	0	0	0	0
rs60135434	0	0	0	0	0
rs60185985	0	0	0	0	1
rs60210787	0	0	0	0	0
rs60213439	0	0	0	0	0
rs60297480	0	0	0	0	0
rs60299253	0	0	0	0	0
rs6041333	0	0	0	0	0
rs60414552	0	0	0	0	0
rs60519156	0	0	0	0	0
rs60557773	0	0	0	0	0
rs60609500	0	0	0	0	2
rs60624750	0	0	0	0	0
rs60633480	0	0	0	0	0
rs60726876	0	0	0	0	0
rs60807146	0	0	0	0	1
rs60832455	0	0	0	0	0
rs60907367	0	0	0	0	0
rs60910084	0	0	0	0	0
rs61095322	0	0	0	0	2
rs61096592	0	0	0	0	0
rs61125006	0	0	0	0	0
rs61150019	0	0	0	0	2
rs61325218	0	0	0	0	0
rs61325324	0	0	0	0	0
rs61327946	0	0	0	0	0
rs61360156	0	0	0	0	0
rs61371129	0	0	0	0	0
rs6145437	0	0	0	0	0
rs61489189	0	0	0	0	0
rs61490101	0	0	0	0	0
rs61509961	0	0	0	0	0
rs61580364	0	0	0	0	0
rs61678625	0	0	0	0	0
rs61708211	0	0	0	0	0
rs61732418	0	0	0	0	0
rs61750944	0	0	0	0	0
rs61893629	0	0	0	0	2
rs61921876	0	0	0	0	0
rs61976303	0	0	0	0	0
rs62024061	0	0	0	0	0
rs62024062	0	0	0	0	0
rs62085576	0	0	0	0	0
rs62191875	0	0	0	0	1
rs62324415	0	0	0	0	0
rs62335050	0	0	0	0	0
rs62384966	0	0	0	0	0
rs62385073	0	0	0	0	0
rs62385093	0	0	0	0	0
rs62401761	0	0	0	0	1
rs62401766	0	0	0	0	1
rs62403189	0	0	0	0	1
rs62416271	0	0	0	0	0
rs62416275	0	0	0	0	0
rs62454353	0	0	0	0	0
rs62456677	0	0	0	0	0
rs62517793	0	0	0	0	0
rs62517797	0	0	0	0	0
rs62519037	0	0	0	0	0
rs62544387	0	0	0	0	1
rs62544389	0	0	0	0	1
rs62544391	0	0	0	0	1
rs6432378	0	0	0	0	0
rs6437125	0	0	0	0	0
rs6445386	0	0	0	0	2
rs6464401	0	0	0	0	0
rs647894	0	0	0	0	0
rs6482130	0	0	0	0	0
rs6482131	0	0	0	0	0
rs6484193	0	0	0	0	0
rs6484194	0	0	0	0	0
rs653197	0	0	0	0	0
rs6536271	0	0	0	0	0
rs6545306	0	0	0	0	0
rs6545307	0	0	0	0	0
rs6547018	0	0	0	0	0
rs6547021	0	0	0	0	0
rs6563750	0	0	0	0	0
rs6583487	0	0	0	0	0
rs6583488	0	0	0	0	0
rs6583490	0	0	0	0	0
rs6583491	0	0	0	0	0
rs6583499	0	0	0	0	0
rs6583500	0	0	0	0	0
rs6583501	0	0	0	0	0
rs6583503	0	0	0	0	0
rs6583505	0	0	0	0	0
rs6583507	0	0	0	0	0
rs6583508	0	0	0	0	0
rs6583509	0	0	0	0	0
rs6583510	0	0	0	0	0
rs6583511	0	0	0	0	0
rs6583512	0	0	0	0	0
rs6583513	0	0	0	0	0
rs6583514	0	0	0	0	0
rs6596011	0	0	0	0	1
rs6596457	0	0	0	0	2
rs66513223	0	0	0	0	0
rs66532026	0	0	0	0	0
rs66549959	0	0	0	0	0
rs66554074	0	0	0	0	0
rs666011	0	0	0	0	0
rs6661049	0	0	0	0	0
rs66633834	0	0	0	0	0
rs666542	0	0	0	0	1
rs6665805	0	0	0	0	0
rs6665865	0	0	0	0	0
rs6669173	0	0	0	0	0
rs667051	0	0	0	0	1
rs6671926	0	0	0	0	0
rs6676515	0	0	0	0	0
rs6677306	0	0	0	0	0
rs668011	0	0	0	0	1
rs66838526	0	0	0	0	0
rs66839813	0	0	0	0	2
rs6689319	0	0	0	0	0
rs6693588	0	0	0	0	0
rs67016500	0	0	0	0	0
rs6702658	0	0	0	0	0
rs6704140	0	0	0	0	0
rs6706559	0	0	0	0	0
rs67084221	0	0	0	0	0
rs6719484	0	0	0	0	0
rs67216951	0	0	0	0	0
rs6724274	0	0	0	0	1
rs6728626	0	0	0	0	0
rs67401452	0	0	0	0	0
rs6742818	0	0	0	0	0
rs6744455	0	0	0	0	0
rs67447454	0	0	0	0	0
rs6745721	0	0	0	0	0
rs67466596	0	0	0	0	0
rs67594496	0	0	0	0	0
rs6760928	0	0	0	0	0
rs6763882	0	0	0	0	2
rs6770050	0	0	0	0	0
rs6770905	0	0	0	0	0
rs6779200	0	0	0	0	0
rs6782729	0	0	0	0	0
rs678854	0	0	0	0	0
rs6792733	0	0	0	0	0
rs6796333	0	0	0	0	2
rs67968234	0	0	0	0	0
rs6798883	0	0	0	0	0
rs6799198	0	0	0	0	0
rs6800707	0	0	0	0	2
rs6803344	0	0	0	0	0
rs6803997	0	0	0	0	0
rs6804012	0	0	0	0	0
rs6807745	0	0	0	0	0
rs6807929	0	0	0	0	0
rs68118806	0	0	0	0	0
rs6816223	0	0	0	0	1
rs6818149	0	0	0	0	1
rs6818862	0	0	0	0	0
rs6822299	0	0	0	0	1
rs6823434	0	0	0	0	1
rs6823557	0	0	0	0	0
rs6824369	0	0	0	0	0
rs6824730	0	0	0	0	0
rs6826918	0	0	0	0	0
rs6828369	0	0	0	0	1
rs6831819	0	0	0	0	0
rs6832657	0	0	0	0	0
rs6832943	0	0	0	0	1
rs6833582	0	0	0	0	1
rs6837440	0	0	0	0	0
rs6849811	0	0	0	0	0
rs6850792	0	0	0	0	0
rs6862393	0	0	0	0	2
rs6863347	0	0	0	0	2
rs6867343	0	0	0	0	2
rs6882112	0	0	0	0	2
rs6882330	0	0	0	0	2
rs6882526	0	0	0	0	2
rs6882583	0	0	0	0	2
rs6890272	0	0	0	0	2
rs6894304	0	0	0	0	0
rs6895130	0	0	0	0	0
rs6922394	0	0	0	0	0
rs6922537	0	0	0	0	0
rs6926995	0	0	0	0	0
rs6933004	0	0	0	0	0
rs6944916	0	0	0	0	0
rs6945395	0	0	0	0	0
rs6946055	0	0	0	0	0
rs6951015	0	0	0	0	0
rs6951488	0	0	0	0	0
rs6952050	0	0	0	0	0
rs6952745	0	0	0	0	0
rs6952911	0	0	0	0	0
rs6953052	0	0	0	0	0
rs6957215	0	0	0	0	0
rs6958266	0	0	0	0	0
rs6958308	0	0	0	0	0
rs6962045	0	0	0	0	0
rs6962210	0	0	0	0	0
rs6963978	0	0	0	0	0
rs6964946	0	0	0	0	0
rs6965656	0	0	0	0	0
rs6965822	0	0	0	0	0
rs6969891	0	0	0	0	0
rs6970059	0	0	0	0	0
rs6970665	0	0	0	0	0
rs6973241	0	0	0	0	0
rs6974104	0	0	0	0	0
rs6974674	0	0	0	0	0
rs6975342	0	0	0	0	0
rs6975349	0	0	0	0	0
rs6975663	0	0	0	0	0
rs6975696	0	0	0	0	0
rs6975700	0	0	0	0	0
rs6976152	0	0	0	0	0
rs6977073	0	0	0	0	0
rs6977451	0	0	0	0	0
rs6979833	0	0	0	0	2
rs6979989	0	0	0	0	0
rs7067879	0	0	0	0	0
rs7094134	0	0	0	0	0
rs70958861	0	0	0	0	0
rs7097965	0	0	0	0	0
rs7099620	0	0	0	0	0
rs71000989	0	0	0	0	0
rs71015486	0	0	0	0	0
rs7101817	0	0	0	0	0
rs7105188	0	0	0	0	0
rs7105339	0	0	0	0	0
rs7113183	0	0	0	0	0
rs7114213	0	0	0	0	0
rs7114574	0	0	0	0	0
rs7115939	0	0	0	0	0
rs7116083	0	0	0	0	0
rs7119696	0	0	0	0	0
rs7120325	0	0	0	0	0
rs7123678	0	0	0	0	0
rs7127203	0	0	0	0	0
rs7127207	0	0	0	0	0
rs7127285	0	0	0	0	0
rs7127471	0	0	0	0	0
rs7127703	0	0	0	0	0
rs7129108	0	0	0	0	0
rs713140	0	0	0	0	0
rs7131491	0	0	0	0	0
rs7132018	0	0	0	0	0
rs7143763	0	0	0	0	0
rs71450955	0	0	0	0	0
rs71452510	0	0	0	0	0
rs714566	0	0	0	0	0
rs71465364	0	0	0	0	2
rs7151363	0	0	0	0	0
rs71529897	0	0	0	0	0
rs71529898	0	0	0	0	0
rs71529899	0	0	0	0	0
rs71529900	0	0	0	0	0
rs71587287	0	0	0	0	0
rs71587288	0	0	0	0	2
rs71587289	0	0	0	0	2
rs7162686	0	0	0	0	0
rs717378	0	0	0	0	0
rs71743139	0	0	0	0	0
rs71985918	0	0	0	0	0
rs720159	0	0	0	0	0
rs72290633	0	0	0	0	0
rs7231676	0	0	0	0	0
rs72318280	0	0	0	0	0
rs7232737	0	0	0	0	0
rs7243144	0	0	0	0	0
rs724517	0	0	0	0	1
rs724518	0	0	0	0	1
rs7255540	0	0	0	0	1
rs725853	0	0	0	0	0
rs725854	0	0	0	0	0
rs726136	0	0	0	0	0
rs726137	0	0	0	0	0
rs72615659	0	0	0	0	0
rs72652246	0	0	0	0	0
rs72652249	0	0	0	0	0
rs72652251	0	0	0	0	0
rs72652254	0	0	0	0	0
rs72652255	0	0	0	0	0
rs72652257	0	0	0	0	0
rs72652260	0	0	0	0	0
rs72652263	0	0	0	0	0
rs72654383	0	0	0	0	0
rs72654385	0	0	0	0	0
rs72655129	0	0	0	0	0
rs72692101	0	0	0	0	0
rs72693007	0	0	0	0	0
rs72693021	0	0	0	0	0
rs72700701	0	0	0	0	2
rs72802572	0	0	0	0	0
rs72802576	0	0	0	0	0
rs72804586	0	0	0	0	0
rs72804590	0	0	0	0	0
rs72804600	0	0	0	0	0
rs7280951	0	0	0	0	1
rs72885752	0	0	0	0	0
rs72908254	0	0	0	0	0
rs72918120	0	0	0	0	0
rs72948051	0	0	0	0	0
rs72970736	0	0	0	0	0
rs72970776	0	0	0	0	0
rs72978514	0	0	0	0	0
rs72992843	0	0	0	0	0
rs72992845	0	0	0	0	0
rs73061319	0	0	0	0	0
rs73067300	0	0	0	0	0
rs73071270	0	0	0	0	0
rs73077332	0	0	0	0	0
rs73081725	0	0	0	0	0
rs73088800	0	0	0	0	2
rs73091477	0	0	0	0	0
rs73102625	0	0	0	0	0
rs73102627	0	0	0	0	0
rs73102629	0	0	0	0	0
rs73102644	0	0	0	0	0
rs73102658	0	0	0	0	0
rs73109370	0	0	0	0	0
rs73115325	0	0	0	0	0
rs7312196	0	0	0	0	0
rs73146175	0	0	0	0	0
rs73183527	0	0	0	0	0
rs73190762	0	0	0	0	0
rs73218217	0	0	0	0	0
rs73286413	0	0	0	0	0
rs73302460	0	0	0	0	0
rs73313012	0	0	0	0	0
rs73313061	0	0	0	0	0
rs73340551	0	0	0	0	0
rs73366874	0	0	0	0	0
rs73371266	0	0	0	0	0
rs7337521	0	0	0	0	2
rs73376761	0	0	0	0	0
rs73376772	0	0	0	0	0
rs73376780	0	0	0	0	0
rs73393329	0	0	0	0	0
rs73393348	0	0	0	0	0
rs73393353	0	0	0	0	0
rs73393355	0	0	0	0	0
rs73393356	0	0	0	0	0
rs73410325	0	0	0	0	0
rs73461949	0	0	0	0	0
rs73543247	0	0	0	0	0
rs7355662	0	0	0	0	0
rs73770356	0	0	0	0	0
rs73770360	0	0	0	0	0
rs737739	0	0	0	0	1
rs73827608	0	0	0	0	1
rs73827630	0	0	0	0	1
rs73827631	0	0	0	0	1
rs73838680	0	0	0	0	0
rs73843505	0	0	0	0	0
rs73843506	0	0	0	0	0
rs73843507	0	0	0	0	0
rs73843508	0	0	0	0	0
rs73843510	0	0	0	0	0
rs73843512	0	0	0	0	0
rs73845635	0	0	0	0	0
rs73845636	0	0	0	0	0
rs73845638	0	0	0	0	0
rs73845640	0	0	0	0	0
rs73845642	0	0	0	0	0
rs73845643	0	0	0	0	0
rs73845644	0	0	0	0	0
rs73845645	0	0	0	0	0
rs73845646	0	0	0	0	0
rs73845647	0	0	0	0	0
rs73845649	0	0	0	0	0
rs73845652	0	0	0	0	0
rs73845653	0	0	0	0	0
rs73845654	0	0	0	0	0
rs73845655	0	0	0	0	0
rs73845656	0	0	0	0	0
rs73845657	0	0	0	0	0
rs73845658	0	0	0	0	0
rs73845660	0	0	0	0	0
rs73845661	0	0	0	0	0
rs73845664	0	0	0	0	0
rs73845665	0	0	0	0	0
rs73845669	0	0	0	0	0
rs73845675	0	0	0	0	0
rs73845677	0	0	0	0	0
rs73845679	0	0	0	0	0
rs73845680	0	0	0	0	0
rs73845688	0	0	0	0	0
rs73845689	0	0	0	0	0
rs73845692	0	0	0	0	0
rs73845693	0	0	0	0	0
rs73845694	0	0	0	0	0
rs73845697	0	0	0	0	0
rs73845699	0	0	0	0	0
rs73847403	0	0	0	0	0
rs73847405	0	0	0	0	0
rs73847407	0	0	0	0	0
rs73847409	0	0	0	0	0
rs73847410	0	0	0	0	0
rs73847411	0	0	0	0	0
rs73847415	0	0	0	0	0
rs73847416	0	0	0	0	0
rs73945709	0	0	0	0	1
rs73945710	0	0	0	0	1
rs73945713	0	0	0	0	1
rs73945715	0	0	0	0	1
rs73945716	0	0	0	0	1
rs73945718	0	0	0	0	1
rs73978007	0	0	0	0	0
rs74005824	0	0	0	0	0
rs74005830	0	0	0	0	0
rs74005833	0	0	0	0	0
rs74063396	0	0	0	0	2
rs7410682	0	0	0	0	0
rs7418188	0	0	0	0	0
rs74299835	0	0	0	0	0
rs74299837	0	0	0	0	0
rs74299838	0	0	0	0	0
rs74356580	0	0	0	0	0
rs74365794	0	0	0	0	0
rs74403126	0	0	0	0	0
rs74404460	0	0	0	0	0
rs74433506	0	0	0	0	0
rs74437051	0	0	0	0	0
rs74475302	0	0	0	0	0
rs74476505	0	0	0	0	0
rs74483645	0	0	0	0	0
rs74491441	0	0	0	0	0
rs74506626	0	0	0	0	0
rs74510237	0	0	0	0	0
rs74514131	0	0	0	0	0
rs74548921	0	0	0	0	0
rs7455537	0	0	0	0	0
rs74555881	0	0	0	0	0
rs745630	0	0	0	0	2
rs74567451	0	0	0	0	0
rs74595907	0	0	0	0	2
rs74599093	0	0	0	0	0
rs74602839	0	0	0	0	0
rs74648047	0	0	0	0	1
rs74683900	0	0	0	0	0
rs74690114	0	0	0	0	0
rs74713799	0	0	0	0	0
rs74738813	0	0	0	0	0
rs74758026	0	0	0	0	0
rs74764581	0	0	0	0	0
rs74765550	0	0	0	0	0
rs7477199	0	0	0	0	0
rs74782247	0	0	0	0	0
rs7478337	0	0	0	0	0
rs7480738	0	0	0	0	2
rs74819631	0	0	0	0	0
rs74833240	0	0	0	0	0
rs74840653	0	0	0	0	0
rs748515	0	0	0	0	0
rs74869352	0	0	0	0	0
rs74872153	0	0	0	0	2
rs74877892	0	0	0	0	0
rs74881135	0	0	0	0	0
rs74896174	0	0	0	0	0
rs74901095	0	0	0	0	0
rs74901907	0	0	0	0	0
rs74978094	0	0	0	0	0
rs74993584	0	0	0	0	0
rs75053784	0	0	0	0	0
rs75085172	0	0	0	0	0
rs75141079	0	0	0	0	0
rs75150671	0	0	0	0	0
rs75163742	0	0	0	0	1
rs75211027	0	0	0	0	0
rs75213165	0	0	0	0	0
rs7523593	0	0	0	0	0
rs75237717	0	0	0	0	0
rs75244797	0	0	0	0	0
rs7524967	0	0	0	0	0
rs75261338	0	0	0	0	0
rs75284290	0	0	0	0	0
rs752967	0	0	0	0	2
rs7530155	0	0	0	0	0
rs7530423	0	0	0	0	0
rs75330309	0	0	0	0	0
rs75346050	0	0	0	0	0
rs7535648	0	0	0	0	0
rs75365081	0	0	0	0	0
rs75378908	0	0	0	0	0
rs75398138	0	0	0	0	0
rs75419425	0	0	0	0	0
rs75421141	0	0	0	0	0
rs75439194	0	0	0	0	0
rs75445568	0	0	0	0	0
rs75456773	0	0	0	0	0
rs7547092	0	0	0	0	0
rs75487669	0	0	0	0	0
rs75491195	0	0	0	0	0
rs75508170	0	0	0	0	0
rs75524463	0	0	0	0	0
rs7554413	0	0	0	0	0
rs7554531	0	0	0	0	0
rs75561140	0	0	0	0	0
rs7557766	0	0	0	0	0
rs7559767	0	0	0	0	0
rs75606178	0	0	0	0	0
rs75615270	0	0	0	0	0
rs75622907	0	0	0	0	0
rs7562857	0	0	0	0	0
rs756334	0	0	0	0	0
rs7565767	0	0	0	0	0
rs75679901	0	0	0	0	0
rs75702283	0	0	0	0	0
rs75710680	0	0	0	0	0
rs75714085	0	0	0	0	0
rs75714930	0	0	0	0	0
rs7573204	0	0	0	0	0
rs7579875	0	0	0	0	0
rs7581434	0	0	0	0	0
rs75839892	0	0	0	0	0
rs75860335	0	0	0	0	1
rs75866489	0	0	0	0	0
rs75875113	0	0	0	0	0
rs75899685	0	0	0	0	0
rs7590434	0	0	0	0	0
rs75905546	0	0	0	0	0
rs75948705	0	0	0	0	0
rs7597260	0	0	0	0	0
rs75993653	0	0	0	0	0
rs75993946	0	0	0	0	0
rs76010398	0	0	0	0	0
rs76046364	0	0	0	0	0
rs76057292	0	0	0	0	0
rs76087829	0	0	0	0	0
rs7609420	0	0	0	0	0
rs7609671	0	0	0	0	0
rs76119504	0	0	0	0	1
rs7612504	0	0	0	0	0
rs76132272	0	0	0	0	0
rs7613828	0	0	0	0	0
rs76146925	0	0	0	0	0
rs7615807	0	0	0	0	0
rs7620363	0	0	0	0	0
rs7625290	0	0	0	0	1
rs7626235	0	0	0	0	0
rs76272567	0	0	0	0	0
rs7627607	0	0	0	0	0
rs7628397	0	0	0	0	0
rs7628459	0	0	0	0	0
rs76309358	0	0	0	0	0
rs76363527	0	0	0	0	2
rs76386627	0	0	0	0	1
rs7640603	0	0	0	0	0
rs76449879	0	0	0	0	0
rs7646889	0	0	0	0	0
rs7649382	0	0	0	0	0
rs7650537	0	0	0	0	0
rs76519613	0	0	0	0	0
rs76554054	0	0	0	0	0
rs7655782	0	0	0	0	1
rs76563911	0	0	0	0	0
rs76569448	0	0	0	0	0
rs7658555	0	0	0	0	0
rs76595308	0	0	0	0	0
rs76599385	0	0	0	0	0
rs7660112	0	0	0	0	0
rs7660807	0	0	0	0	0
rs76632320	0	0	0	0	2
rs76651235	0	0	0	0	1
rs7669877	0	0	0	0	0
rs76712501	0	0	0	0	0
rs76722801	0	0	0	0	0
rs76722838	0	0	0	0	1
rs76742911	0	0	0	0	0
rs76760691	0	0	0	0	0
rs76770586	0	0	0	0	0
rs76781372	0	0	0	0	0
rs76790064	0	0	0	0	0
rs76794974	0	0	0	0	0
rs7681081	0	0	0	0	0
rs76859897	0	0	0	0	0
rs76860817	0	0	0	0	0
rs76861917	0	0	0	0	0
rs76872038	0	0	0	0	0
rs7687299	0	0	0	0	0
rs76879457	0	0	0	0	0
rs76897971	0	0	0	0	0
rs76901833	0	0	0	0	0
rs76903255	0	0	0	0	0
rs7691393	0	0	0	0	0
rs7696527	0	0	0	0	0
rs76969368	0	0	0	0	0
rs7697838	0	0	0	0	1
rs76980859	0	0	0	0	0
rs7701862	0	0	0	0	0
rs7701870	0	0	0	0	0
rs7702182	0	0	0	0	2
rs77038473	0	0	0	0	0
rs77068060	0	0	0	0	0
rs77071507	0	0	0	0	0
rs77072905	0	0	0	0	0
rs77084239	0	0	0	0	0
rs771280	0	0	0	0	0
rs771287	0	0	0	0	1
rs771288	0	0	0	0	1
rs771289	0	0	0	0	1
rs771291	0	0	0	0	1
rs771295	0	0	0	0	1
rs771299	0	0	0	0	1
rs771300	0	0	0	0	1
rs771301	0	0	0	0	1
rs771302	0	0	0	0	1
rs771304	0	0	0	0	1
rs77135434	0	0	0	0	0
rs77168416	0	0	0	0	0
rs77175791	0	0	0	0	0
rs77199459	0	0	0	0	0
rs77200757	0	0	0	0	0
rs77218109	0	0	0	0	0
rs77220222	0	0	0	0	0
rs77221389	0	0	0	0	0
rs77251286	0	0	0	0	0
rs77266350	0	0	0	0	0
rs77273846	0	0	0	0	0
rs7727466	0	0	0	0	2
rs77291093	0	0	0	0	0
rs77297139	0	0	0	0	0
rs77303341	0	0	0	0	0
rs77307711	0	0	0	0	2
rs77311312	0	0	0	0	0
rs77311509	0	0	0	0	0
rs77317375	0	0	0	0	0
rs77332262	0	0	0	0	0
rs7737148	0	0	0	0	2
rs77393858	0	0	0	0	0
rs77411056	0	0	0	0	0
rs77438837	0	0	0	0	0
rs77459577	0	0	0	0	0
rs77464064	0	0	0	0	0
rs77475879	0	0	0	0	0
rs77499258	0	0	0	0	0
rs77512201	0	0	0	0	0
rs77555604	0	0	0	0	1
rs77563597	0	0	0	0	0
rs7757397	0	0	0	0	0
rs77599485	0	0	0	0	0
rs7761572	0	0	0	0	0
rs77624415	0	0	0	0	1
rs77628846	0	0	0	0	0
rs77646164	0	0	0	0	0
rs77703354	0	0	0	0	0
rs77708135	0	0	0	0	0
rs77723110	0	0	0	0	0
rs77750383	0	0	0	0	0
rs77755024	0	0	0	0	0
rs77757285	0	0	0	0	0
rs77762169	0	0	0	0	0
rs7777017	0	0	0	0	0
rs7777309	0	0	0	0	0
rs77783161	0	0	0	0	0
rs7779474	0	0	0	0	0
rs7780178	0	0	0	0	0
rs7782744	0	0	0	0	0
rs7783068	0	0	0	0	0
rs7783586	0	0	0	0	0
rs7783777	0	0	0	0	0
rs7786675	0	0	0	0	0
rs77879160	0	0	0	0	0
rs7788784	0	0	0	0	0
rs77894079	0	0	0	0	0
rs77901667	0	0	0	0	0
rs7790263	0	0	0	0	0
rs7790600	0	0	0	0	0
rs77926360	0	0	0	0	0
rs7795732	0	0	0	0	0
rs7796581	0	0	0	0	0
rs7796590	0	0	0	0	0
rs7796664	0	0	0	0	0
rs77973381	0	0	0	0	0
rs7797956	0	0	0	0	0
rs7798116	0	0	0	0	0
rs7799945	0	0	0	0	2
rs78009075	0	0	0	0	0
rs78019210	0	0	0	0	0
rs7803736	0	0	0	0	0
rs78042659	0	0	0	0	0
rs7804423	0	0	0	0	0
rs78050635	0	0	0	0	0
rs78060777	0	0	0	0	0
rs78061959	0	0	0	0	0
rs7808082	0	0	0	0	0
rs7808083	0	0	0	0	0
rs7808248	0	0	0	0	0
rs7808387	0	0	0	0	0
rs7808690	0	0	0	0	0
rs78099737	0	0	0	0	0
rs78107263	0	0	0	0	1
rs7813070	0	0	0	0	0
rs78132856	0	0	0	0	0
rs78166920	0	0	0	0	0
rs78178686	0	0	0	0	0
rs78184505	0	0	0	0	0
rs78220690	0	0	0	0	0
rs78224738	0	0	0	0	0
rs78228168	0	0	0	0	0
rs78228230	0	0	0	0	0
rs78253435	0	0	0	0	0
rs78266309	0	0	0	0	0
rs78284816	0	0	0	0	0
rs78292385	0	0	0	0	0
rs78323216	0	0	0	0	0
rs78362311	0	0	0	0	0
rs78384568	0	0	0	0	0
rs78411949	0	0	0	0	0
rs78507785	0	0	0	0	2
rs78512660	0	0	0	0	0
rs78515206	0	0	0	0	0
rs78521754	0	0	0	0	0
rs7853363	0	0	0	0	0
rs78586231	0	0	0	0	0
rs78587644	0	0	0	0	0
rs7860176	0	0	0	0	0
rs7860285	0	0	0	0	0
rs78618620	0	0	0	0	0
rs78631534	0	0	0	0	0
rs78635374	0	0	0	0	0
rs78639510	0	0	0	0	0
rs78649713	0	0	0	0	0
rs78670098	0	0	0	0	0
rs78707784	0	0	0	0	0
rs78757942	0	0	0	0	0
rs78779888	0	0	0	0	0
rs78807865	0	0	0	0	2
rs78816618	0	0	0	0	0
rs78819009	0	0	0	0	0
rs78843391	0	0	0	0	0
rs78856074	0	0	0	0	0
rs78871584	0	0	0	0	0
rs78879626	0	0	0	0	0
rs78903489	0	0	0	0	0
rs78944317	0	0	0	0	0
rs78971713	0	0	0	0	0
rs79014060	0	0	0	0	0
rs79030376	0	0	0	0	0
rs790366	0	0	0	0	0
rs79084061	0	0	0	0	0
rs79084700	0	0	0	0	0
rs79091284	0	0	0	0	0
rs79098346	0	0	0	0	0
rs79145825	0	0	0	0	0
rs79146151	0	0	0	0	0
rs7914711	0	0	0	0	0
rs79184300	0	0	0	0	1
rs7918519	0	0	0	0	0
rs79187200	0	0	0	0	0
rs79225954	0	0	0	0	0
rs79230739	0	0	0	0	0
rs79235719	0	0	0	0	0
rs79236629	0	0	0	0	0
rs79238704	0	0	0	0	0
rs79246828	0	0	0	0	0
rs7924744	0	0	0	0	2
rs79247928	0	0	0	0	0
rs7924859	0	0	0	0	0
rs79254759	0	0	0	0	2
rs7926366	0	0	0	0	0
rs7927115	0	0	0	0	0
rs7927402	0	0	0	0	0
rs7928663	0	0	0	0	2
rs7929362	0	0	0	0	0
rs7929524	0	0	0	0	0
rs79383705	0	0	0	0	0
rs7938790	0	0	0	0	2
rs7938835	0	0	0	0	0
rs79391687	0	0	0	0	2
rs79392739	0	0	0	0	0
rs7940010	0	0	0	0	0
rs7940328	0	0	0	0	0
rs7942563	0	0	0	0	0
rs79443013	0	0	0	0	0
rs79447221	0	0	0	0	0
rs79470225	0	0	0	0	0
rs79480107	0	0	0	0	0
rs7949618	0	0	0	0	0
rs7950045	0	0	0	0	0
rs79510057	0	0	0	0	0
rs7951445	0	0	0	0	0
rs7951958	0	0	0	0	0
rs79519901	0	0	0	0	0
rs7952394	0	0	0	0	0
rs7954908	0	0	0	0	0
rs79570344	0	0	0	0	0
rs7960770	0	0	0	0	0
rs79608947	0	0	0	0	0
rs79611117	0	0	0	0	0
rs79624121	0	0	0	0	0
rs79651968	0	0	0	0	1
rs79655227	0	0	0	0	0
rs79685825	0	0	0	0	0
rs79723601	0	0	0	0	0
rs79730613	0	0	0	0	0
rs79736586	0	0	0	0	0
rs79743477	0	0	0	0	0
rs79747892	0	0	0	0	0
rs79757156	0	0	0	0	0
rs79766410	0	0	0	0	0
rs79767464	0	0	0	0	0
rs79773617	0	0	0	0	0
rs79774850	0	0	0	0	0
rs7977721	0	0	0	0	0
rs79781954	0	0	0	0	0
rs7985102	0	0	0	0	0
rs79892036	0	0	0	0	0
rs79943669	0	0	0	0	0
rs79955732	0	0	0	0	0
rs7999632	0	0	0	0	1
rs80003402	0	0	0	0	0
rs80029847	0	0	0	0	0
rs80032228	0	0	0	0	0
rs8003388	0	0	0	0	0
rs80040118	0	0	0	0	0
rs80058431	0	0	0	0	0
rs8008121	0	0	0	0	0
rs8010366	0	0	0	0	0
rs80129672	0	0	0	0	0
rs80183364	0	0	0	0	0
rs80214103	0	0	0	0	0
rs8022599	0	0	0	0	0
rs80237401	0	0	0	0	0
rs80241920	0	0	0	0	0
rs80297171	0	0	0	0	0
rs80307636	0	0	0	0	0
rs80311310	0	0	0	0	0
rs80313225	0	0	0	0	0
rs80339205	0	0	0	0	0
rs80347601	0	0	0	0	0
rs80355544	2	0.5	0	0	0
rs8052563	0	0	0	0	0
rs8057436	0	0	0	0	0
rs8065772	0	0	0	0	0
rs8075845	0	0	0	0	0
rs8081678	0	0	0	0	0
rs8092288	0	0	0	0	0
rs8093993	0	0	0	0	0
rs8094257	0	0	0	0	0
rs8097554	0	0	0	0	0
rs8099689	0	0	0	0	0
rs8103763	0	0	0	0	0
rs8107318	0	0	0	0	0
rs8129288	0	0	0	0	0
rs8133612	0	0	0	0	0
rs82825	0	0	0	0	2
rs829411	0	0	0	0	0
rs874202	0	0	0	0	1
rs879340	0	0	0	0	0
rs894761	1	0.5	0	1	0
rs906571	0	0	0	0	0
rs908305	0	0	0	0	1
rs914478	0	0	0	0	0
rs914479	0	0	0	0	0
rs920475	0	0	0	0	0
rs9284780	0	0	0	0	0
rs9294425	0	0	0	0	0
rs9299995	0	0	0	0	0
rs9308169	0	0	0	0	1
rs9316361	0	0	0	0	2
rs9327835	0	0	0	0	2
rs9349271	0	0	0	0	1
rs9349272	0	0	0	0	1
rs9349275	0	0	0	0	1
rs9357432	0	0	0	0	1
rs9369448	0	0	0	0	1
rs9369449	0	0	0	0	1
rs9369450	0	0	0	0	1
rs9369453	0	0	0	0	1
rs9369454	0	0	0	0	1
rs9369456	0	0	0	0	1
rs9369457	0	0	0	0	1
rs9369459	0	0	0	0	1
rs9381294	0	0	0	0	1
rs938373	0	0	0	0	1
rs938376	0	0	0	0	1
rs9394984	0	0	0	0	1
rs9423846	0	0	0	0	0
rs9491088	0	0	0	0	0
rs9491089	0	0	0	0	0
rs950361	0	0	0	0	1
rs9554848	0	0	0	0	1
rs9556866	0	0	0	0	0
rs9557817	0	0	0	0	1
rs9557818	0	0	0	0	1
rs9557819	0	0	0	0	0
rs9557822	0	0	0	0	1
rs9557823	0	0	0	0	1
rs9557950	0	0	0	0	0
rs9562803	0	0	0	0	2
rs9567990	0	0	0	0	2
rs9567992	0	0	0	0	2
rs9567995	0	0	0	0	2
rs9568007	0	0	0	0	2
rs9568011	0	0	0	0	2
rs9600230	0	0	0	0	0
rs9607390	0	0	0	0	1
rs9607391	0	0	0	0	1
rs9607392	0	0	0	0	1
rs9607393	0	0	0	0	1
rs9607395	0	0	0	0	1
rs9607396	0	0	0	0	1
rs9607397	0	0	0	0	1
rs9607398	0	0	0	0	1
rs9610606	0	0	0	0	1
rs9610607	0	0	0	0	1
rs961194	0	0	0	0	0
rs9612845	0	0	0	0	0
rs9612849	0	0	0	0	0
rs9642329	0	0	0	0	0
rs9642332	0	0	0	0	0
rs964624	0	0	0	0	0
rs964625	0	0	0	0	0
rs9648674	0	0	0	0	0
rs9653499	0	0	0	0	0
rs9653533	0	0	0	0	0
rs9653534	0	0	0	0	0
rs9660532	0	0	0	0	0
rs9665961	0	0	0	0	2
rs966735	0	0	0	0	0
rs971008	0	0	0	0	0
rs971497	0	0	0	0	0
rs9803711	0	0	0	0	1
rs981272	0	0	0	0	0
rs983509	0	0	0	0	0
rs983729	0	0	0	0	0
rs9842629	0	0	0	0	0
rs9844183	0	0	0	0	2
rs985510	0	0	0	0	0
rs985619	0	0	0	0	1
rs9884154	0	0	0	0	0
rs988513	0	0	0	0	0
rs988514	0	0	0	0	0
rs988515	0	0	0	0	0
rs988516	0	0	0	0	0
rs991503	0	0	0	0	2
rs9942471	0	0	0	0	0
rs9942682	0	0	0	0	0
rs9943664	0	0	0	0	0
rs9948170	0	0	0	0	0
rs9972281	0	0	0	0	0
rs9973529	0	0	0	0	0
rs9995730	0	0	0	0	0
